GEOID20,District
080410001021000,5
080410001021001,5
080410001021002,5
080410001021003,5
080410001021004,5
080410001021005,5
080410001021006,5
080410001021007,5
080410001021008,5
080410001021009,5
080410001021010,5
080410001021011,5
080410001021012,5
080410001021013,5
080410001021014,5
080410001021015,5
080410001021016,5
080410001021017,5
080410001021018,5
080410001022000,5
080410001022001,5
080410001022002,5
080410001022003,5
080410001022004,5
080410001022005,5
080410001022006,5
080410001022007,5
080410001022008,5
080410001022009,5
080410001022010,5
080410001022016,5
080410001022017,5
080410001022018,5
080410001022019,5
080410001022020,5
080410001022021,5
080410001022022,5
080410001023016,5
080410001023017,5
080410001023018,5
080410001023019,5
080410001023023,5
080410001023024,5
080410059001017,5
080410001022011,5
080410001022012,5
080410001022013,5
080410001022014,5
080410001022015,5
080410001023000,5
080410001023001,5
080410001023002,5
080410001023003,5
080410001023004,5
080410001023005,5
080410001023006,5
080410001023007,5
080410001023008,5
080410001023009,5
080410001023010,5
080410001023011,5
080410001023012,5
080410001023013,5
080410001023014,5
080410001023015,5
080410001023020,5
080410001023021,5
080410001023022,5
080410001023025,5
080410001042015,5
080410001042016,5
080410001042018,5
080410001042019,5
080410001042020,5
080410001042021,5
080410001042022,5
080410006001000,5
080410006001001,5
080410006001002,5
080410006001003,5
080410006001004,5
080410006001005,5
080410006001006,5
080410006001007,5
080410006001008,5
080410006001009,5
080410006001010,5
080410006001011,5
080410006001012,5
080410006001013,5
080410006001014,5
080410006001015,5
080410006001016,5
080410006001017,5
080410006001018,5
080410006001019,5
080410006001020,5
080410006001021,5
080410006001022,5
080410006001023,5
080410006001024,5
080410006001025,5
080410006003029,5
080410001031000,5
080410001031001,5
080410001031002,5
080410001031003,5
080410001031004,5
080410001031005,5
080410001031006,5
080410001031007,5
080410001031008,5
080410001031009,5
080410001031010,5
080410001031011,5
080410001032002,5
080410001032003,5
080410001032004,5
080410001032005,5
080410001032006,5
080410001032007,5
080410001032008,5
080410001032009,5
080410001032010,5
080410001032011,5
080410001041000,5
080410001041001,5
080410001041002,5
080410001041003,5
080410002024016,5
080410001032000,5
080410001032001,5
080410002021000,5
080410002021001,5
080410002021002,5
080410002021003,5
080410002021004,5
080410002024000,5
080410002024001,5
080410002024002,5
080410002024003,5
080410002024004,5
080410002024005,5
080410002024006,5
080410002024017,5
080410002024018,5
080410002024019,5
080410002024020,5
080410049012002,5
080410049012003,5
080410049012004,5
080410049012005,5
080410049012006,5
080410049012007,5
080410049012008,5
080410049012009,5
080410049012010,5
080410049012011,5
080410049012012,5
080410049012013,5
080410049012014,5
080410049012015,5
080410049012016,5
080410049012017,5
080410049012018,5
080410049012019,5
080410049012020,5
080410049012021,5
080410049012022,5
080410049012023,5
080410001041004,5
080410001042000,5
080410001042001,5
080410001042002,5
080410001042003,5
080410001042004,5
080410001042005,5
080410001042006,5
080410001042007,5
080410001042008,5
080410001042009,5
080410001042010,5
080410001042011,5
080410001042012,5
080410001042013,5
080410001042014,5
080410001042017,5
080410001043000,5
080410001043001,5
080410001043002,5
080410001043003,5
080410001043004,5
080410001043005,5
080410002024015,5
080410003011000,5
080410003011001,5
080410003011002,5
080410003011003,5
080410003011004,5
080410003011022,5
080410003011023,5
080410003011024,5
080410001043006,5
080410001043007,5
080410002031000,5
080410002031001,5
080410002031002,5
080410002031003,5
080410002031004,5
080410002031005,5
080410002031006,5
080410002031007,5
080410002031011,5
080410002031012,5
080410002031020,5
080410002031021,5
080410002031022,5
080410002031023,5
080410002031024,5
080410002031025,5
080410002031026,5
080410002031036,5
080410002031037,5
080410002031038,5
080410002031039,5
080410003011005,5
080410003011006,5
080410003011007,5
080410003011008,5
080410003011009,5
080410003011010,5
080410003011011,5
080410003011012,5
080410003011013,5
080410003011014,5
080410003011015,5
080410003011016,5
080410003011017,5
080410003011018,5
080410003011019,5
080410003011020,5
080410003011021,5
080410001043008,5
080410001043009,5
080410006003009,5
080410006003010,5
080410006003011,5
080410004001000,3
080410004001001,3
080410004001002,3
080410004001003,3
080410004001004,3
080410004001005,3
080410004001006,3
080410004001007,3
080410004001008,3
080410004001009,3
080410004001010,3
080410004001011,3
080410004001012,3
080410004001013,3
080410004001014,3
080410004001015,3
080410004001016,3
080410004001017,3
080410004001018,3
080410004001019,3
080410004001020,3
080410004001021,3
080410002021005,5
080410002021006,5
080410002021007,5
080410002021008,5
080410002022000,5
080410002022001,5
080410002022002,5
080410002022003,5
080410002022004,5
080410002022005,5
080410002022006,5
080410002022007,5
080410002023000,5
080410002023001,5
080410002023002,5
080410002023003,5
080410002023004,5
080410002023005,5
080410002023006,5
080410002023007,5
080410002023008,5
080410002023009,5
080410002024007,5
080410002024008,5
080410002024009,5
080410002024010,5
080410002024011,5
080410002024012,5
080410002024013,5
080410002024014,5
080410048003012,5
080410078021009,5
080410078021011,5
080410078022006,5
080410078022007,5
080410078022008,5
080410078022009,5
080410078022010,5
080410078022011,5
080410078022012,5
080410078022013,5
080410078022014,5
080410078022015,5
080410078022016,5
080410078022017,5
080410078022018,5
080410002031008,3
080410002031013,3
080410002031014,3
080410002031015,3
080410002031016,3
080410002031017,3
080410002031018,3
080410002031019,3
080410002031027,3
080410002031028,3
080410002031029,3
080410002031030,3
080410002031031,3
080410002031032,3
080410002031033,3
080410002031034,3
080410002031035,3
080410002031040,3
080410002032028,3
080410002033007,3
080410002033008,3
080410002033009,3
080410002033010,3
080410002033011,3
080410002033012,3
080410002033013,3
080410002033014,3
080410002033016,3
080410002033017,3
080410002031009,3
080410002031010,3
080410002032000,3
080410002032001,3
080410002032002,3
080410002032003,3
080410002032004,3
080410002032005,3
080410002032006,3
080410002032007,3
080410002032008,3
080410002032009,3
080410002032010,3
080410002032011,3
080410002032012,3
080410002032013,3
080410002032014,3
080410002032015,3
080410002032016,3
080410002032017,3
080410002032018,3
080410002032019,3
080410002032020,3
080410002032021,3
080410002032022,3
080410002032023,3
080410002032024,3
080410002032025,3
080410002032026,3
080410002032027,3
080410002033000,3
080410002033001,3
080410002033002,3
080410002033003,3
080410002033004,3
080410002033005,3
080410002033006,3
080410002033015,3
080410003013000,3
080410003013001,3
080410003021000,3
080410003021001,3
080410003021002,3
080410003021003,3
080410003021004,3
080410003021005,3
080410003021006,3
080410003021007,3
080410003021008,3
080410003021009,3
080410003021010,3
080410003021011,3
080410003021012,3
080410003021013,3
080410003021014,3
080410003021015,3
080410003021016,3
080410003021017,3
080410003021018,3
080410003021019,3
080410003021020,3
080410003021021,3
080410003021022,3
080410003021023,3
080410003021024,3
080410003021025,3
080410003021026,3
080410003021027,3
080410003021028,3
080410003021029,3
080410003021030,3
080410003021031,3
080410003021032,3
080410003021033,3
080410003021034,3
080410003021035,3
080410003021036,3
080410003021037,3
080410003022000,3
080410003022001,3
080410003022002,3
080410003022003,3
080410003022004,3
080410003022005,3
080410003022006,3
080410003022007,3
080410003022008,3
080410003022009,3
080410003022010,3
080410003022011,3
080410003022012,3
080410003022013,3
080410003022014,3
080410003022015,3
080410003022016,3
080410003023000,5
080410003023001,5
080410003023002,5
080410003023003,5
080410003023004,5
080410003023005,5
080410003023006,5
080410003023007,5
080410003023008,5
080410003023009,5
080410003023010,5
080410003023011,5
080410003023012,5
080410003023013,5
080410003023014,5
080410003023015,5
080410003023016,5
080410003023017,5
080410003023018,5
080410003023019,5
080410037052027,5
080410037052028,5
080410037111005,5
080410037112000,5
080410037112030,5
080410077002020,5
080410077003014,5
080410077004014,5
080410078021005,5
080410078021006,5
080410004002006,3
080410004002007,3
080410004002008,3
080410004002009,3
080410004002010,3
080410004002011,3
080410004002012,3
080410004002013,3
080410004002014,3
080410004002015,3
080410004003000,3
080410004003001,3
080410004003002,3
080410004003003,3
080410004003004,3
080410004003005,3
080410004003006,3
080410004003007,3
080410004003008,3
080410004003009,3
080410004003010,3
080410004003011,3
080410004003012,3
080410004003013,3
080410004003014,3
080410004003015,3
080410004003016,3
080410004003017,3
080410004003018,3
080410004003019,3
080410004003020,3
080410004003021,3
080410004003022,3
080410004003023,3
080410004003024,3
080410004003025,3
080410004003026,3
080410004003027,3
080410004003028,3
080410004003029,3
080410004003030,3
080410004003031,3
080410004003032,3
080410004003033,3
080410004003034,3
080410004003035,3
080410004003036,3
080410004003037,3
080410004003038,3
080410004003039,3
080410004003040,3
080410004003041,3
080410003022017,3
080410080001000,3
080410079001000,3
080410079001001,3
080410079001014,3
080410079001015,3
080410079001016,3
080410079001017,3
080410079001018,3
080410079001019,3
080410079001020,3
080410080002000,3
080410080002001,3
080410080002002,3
080410080002003,3
080410080002004,3
080410080002005,3
080410080002006,3
080410080002007,3
080410080002008,3
080410080002009,3
080410080002010,3
080410080002011,3
080410080002012,3
080410080002013,3
080410080002014,3
080410080002015,3
080410080002016,3
080410037052000,3
080410037052001,3
080410037052002,3
080410037052003,3
080410037052004,3
080410037052005,3
080410037052006,3
080410037052007,3
080410037052008,3
080410037052009,3
080410037052010,3
080410037052011,3
080410037052012,3
080410037052013,3
080410037052017,3
080410037052018,3
080410037052019,3
080410037052020,3
080410037052021,3
080410037052022,3
080410037052023,3
080410037052024,3
080410004002000,3
080410004002001,3
080410004002002,3
080410004002003,3
080410004002004,3
080410004002005,3
080410004002016,3
080410004002017,3
080410004002018,3
080410004002019,3
080410004002020,3
080410004002021,3
080410004002022,3
080410008001000,3
080410008001001,3
080410008001002,3
080410008001003,3
080410008001004,3
080410008001005,3
080410008001006,3
080410008001007,3
080410008001008,3
080410008001009,3
080410008001010,3
080410008001011,3
080410008001012,3
080410008001013,3
080410008001014,3
080410008001015,3
080410008001016,3
080410008001017,3
080410008002000,3
080410008002001,3
080410008002002,3
080410008002003,3
080410008002004,3
080410008002005,3
080410008002006,3
080410008002007,3
080410008002008,3
080410008002009,3
080410008002010,3
080410008002011,3
080410008002012,3
080410008002013,3
080410008002014,3
080410008002015,3
080410008002016,3
080410008002017,3
080410008002018,3
080410008002019,3
080410008002020,3
080410008002021,3
080410008002022,3
080410008002023,3
080410008003008,3
080410008003009,3
080410008003010,3
080410008003011,3
080410008003012,3
080410008003013,3
080410008003014,3
080410008003015,3
080410008003016,3
080410008003017,3
080410008003018,3
080410008003019,3
080410008003020,3
080410008003021,3
080410008003022,3
080410008003023,3
080410008003024,3
080410008003025,3
080410008003026,3
080410008003027,3
080410008003028,3
080410008003029,3
080410008003030,3
080410008003031,3
080410008003032,3
080410008003033,3
080410008003034,3
080410006002000,5
080410006002001,5
080410006002002,5
080410006002003,5
080410006002004,5
080410006002005,5
080410006002006,5
080410006002007,5
080410006002008,5
080410006002009,5
080410006002010,5
080410006002011,5
080410006002012,5
080410006002013,5
080410006002014,5
080410006002015,5
080410006002016,5
080410006002017,5
080410006002018,5
080410006002019,5
080410006002020,5
080410006002021,5
080410006002022,5
080410006002023,5
080410006002024,5
080410006002025,5
080410006002026,5
080410006002027,5
080410006002028,5
080410006002029,5
080410006002030,5
080410006002031,5
080410006002032,5
080410006002033,5
080410006003000,5
080410006003001,5
080410006003002,5
080410006003003,5
080410006003004,5
080410006003005,5
080410006003006,5
080410006003007,5
080410006003008,5
080410006003012,5
080410006003013,5
080410006003014,5
080410006003015,5
080410006003016,5
080410006003017,5
080410006003018,5
080410006003019,5
080410006003020,5
080410006003021,5
080410006003022,5
080410006003023,5
080410006003024,5
080410006003025,5
080410006003026,5
080410006003027,5
080410006003028,5
080410006003030,5
080410006003031,5
080410006003032,5
080410006003033,5
080410006003034,5
080410005001000,3
080410005001001,3
080410005001002,3
080410005001003,3
080410005001004,3
080410005001005,3
080410005001006,3
080410005001007,3
080410005001008,3
080410005001009,3
080410005001010,3
080410005001011,3
080410005001012,3
080410005001013,3
080410005001014,3
080410005001015,3
080410005001016,3
080410005001017,3
080410005001018,3
080410005001019,3
080410005001020,3
080410005001021,3
080410005001022,3
080410005001023,3
080410005001024,3
080410005001025,3
080410005001026,3
080410005002000,3
080410005002001,3
080410005002002,3
080410005002003,3
080410005002004,3
080410005002005,3
080410005002006,3
080410005002007,3
080410005002008,3
080410005002009,3
080410005002010,3
080410005002011,3
080410005002012,3
080410005002013,3
080410005002014,3
080410005002015,3
080410005002016,3
080410005002017,3
080410005002018,3
080410005002019,3
080410005002020,3
080410005002021,3
080410005002022,3
080410005002023,3
080410005002024,3
080410005002025,3
080410005002026,3
080410005002027,3
080410005002028,3
080410005002029,3
080410005002030,3
080410005002031,3
080410005002032,3
080410005002033,3
080410005002034,3
080410005002035,3
080410005002036,3
080410005002037,3
080410005002045,3
080410005002046,3
080410005002047,3
080410005002048,3
080410005002049,3
080410010001000,3
080410010001001,3
080410010001006,3
080410010001007,3
080410010001015,3
080410010001016,3
080410010001031,3
080410005002038,3
080410005002039,3
080410005002040,3
080410005002041,3
080410005002042,3
080410005002043,3
080410005002044,3
080410005002050,3
080410005002051,3
080410005002052,3
080410009001000,3
080410009001001,3
080410009001002,3
080410009001003,3
080410009001004,3
080410009001005,3
080410009001006,3
080410009001007,3
080410009001008,3
080410009001009,3
080410009001010,3
080410009001011,3
080410009001012,3
080410009001013,3
080410009001014,3
080410009001015,3
080410009001016,3
080410009001017,3
080410009001018,3
080410009001019,3
080410009001020,3
080410009001021,3
080410009001022,3
080410009001023,3
080410009001024,3
080410009001025,3
080410009001026,3
080410009001027,3
080410009001028,3
080410009001029,3
080410009001030,3
080410009001031,3
080410009001032,3
080410009001033,3
080410009001034,3
080410009001035,3
080410009001036,3
080410009001037,3
080410009001038,3
080410009001039,3
080410009001040,3
080410009001041,3
080410009001042,3
080410009001043,3
080410009001044,3
080410009001045,3
080410009002000,3
080410009002001,3
080410009002002,3
080410009002003,3
080410009002004,3
080410009002005,3
080410009002006,3
080410009002007,3
080410009002008,3
080410009002009,3
080410009002010,3
080410009002011,3
080410009002017,3
080410009002018,3
080410009002019,3
080410009002020,3
080410010002000,3
080410010002013,3
080410010002014,3
080410007001000,3
080410007001001,3
080410007001002,3
080410007001003,3
080410007001008,3
080410007001009,3
080410007003000,3
080410007003001,3
080410007003002,3
080410007003003,3
080410007003004,3
080410007003005,3
080410007003006,3
080410007003007,3
080410007003008,3
080410007003009,3
080410007003010,3
080410007003011,3
080410007003012,3
080410007003013,3
080410007003014,3
080410007003015,3
080410007003016,3
080410007003017,3
080410007003018,3
080410007003019,3
080410007003020,3
080410007003021,3
080410007003022,3
080410007003023,3
080410007003024,3
080410007003025,3
080410007003026,3
080410007003027,3
080410007003028,3
080410007001004,3
080410007001005,3
080410007001006,3
080410007001007,3
080410007001010,3
080410007001011,3
080410007001012,3
080410007001013,3
080410007001014,3
080410007001015,3
080410007001016,3
080410007001017,3
080410007001018,3
080410007001019,3
080410007001020,3
080410007001021,3
080410007001022,3
080410007001023,3
080410007001024,3
080410007001025,3
080410007001026,3
080410007001027,3
080410007001028,3
080410007001029,3
080410007001030,3
080410007001031,3
080410007001032,3
080410007001033,3
080410007001034,3
080410007001035,3
080410007002000,3
080410007002001,3
080410007002002,3
080410007002003,3
080410007002004,3
080410007002005,3
080410007002006,3
080410007002007,3
080410007002008,3
080410007002009,3
080410007002010,3
080410007002011,3
080410007002012,3
080410007002013,3
080410007002014,3
080410007002015,3
080410007002016,3
080410007002017,3
080410007002018,3
080410007002019,3
080410007002020,3
080410007002021,3
080410007002022,3
080410007002023,3
080410007002024,3
080410007002025,3
080410007002026,3
080410007002027,3
080410007002028,3
080410007002029,3
080410007002030,3
080410007002031,3
080410008003000,3
080410008003001,3
080410008003002,3
080410008003003,3
080410008003004,3
080410008003005,3
080410008003006,3
080410008003007,3
080410018001000,3
080410018001001,3
080410018001002,3
080410018001003,3
080410018001004,3
080410018001005,3
080410018001006,3
080410018001007,3
080410018001008,3
080410018001009,3
080410018001010,3
080410018001011,3
080410018001012,3
080410018001013,3
080410018001014,3
080410018001015,3
080410018001016,3
080410018001017,3
080410018001018,3
080410018001019,3
080410018001020,3
080410018001021,3
080410018001022,3
080410018001023,3
080410018001024,3
080410018001025,3
080410018001026,3
080410018001027,3
080410018001028,3
080410018001029,3
080410018001030,3
080410018001031,3
080410018001032,3
080410018001033,3
080410018001034,3
080410018001035,3
080410018001036,3
080410018001037,3
080410018001038,3
080410018001039,3
080410018001040,3
080410018001041,3
080410018001042,3
080410018001043,3
080410018001044,3
080410018001045,3
080410018001046,3
080410018001047,3
080410018001048,3
080410018001049,3
080410018001050,3
080410018001051,3
080410018001052,3
080410018001053,3
080410018002000,3
080410018002001,3
080410018002002,3
080410018002003,3
080410018002004,3
080410018002005,3
080410018002006,3
080410018002007,3
080410018002008,3
080410018002009,3
080410018002010,3
080410018002011,3
080410018002012,3
080410018002013,3
080410018002014,3
080410018002015,3
080410018002016,3
080410018002022,3
080410018002023,3
080410018002024,3
080410018002025,3
080410018002026,3
080410018002027,3
080410018002028,3
080410018002029,3
080410018002035,3
080410027001000,3
080410027001001,3
080410027001002,3
080410027001003,3
080410027001004,3
080410027001005,3
080410027001006,3
080410027001007,3
080410027001008,3
080410027001009,3
080410027001010,3
080410019011000,3
080410019011001,3
080410019011002,3
080410019011003,3
080410019011004,3
080410019011005,3
080410019011006,3
080410019011007,3
080410019011008,3
080410019011009,3
080410019011010,3
080410019011011,3
080410019011012,3
080410019011013,3
080410019011014,3
080410019012000,3
080410019012001,3
080410019012002,3
080410019012003,3
080410019012004,3
080410019012005,3
080410019012006,3
080410019012007,3
080410019012008,3
080410019012009,3
080410019012010,3
080410019012011,3
080410019012012,3
080410019012013,3
080410019012014,3
080410019012015,3
080410019012016,3
080410019012017,3
080410019012018,3
080410019012019,3
080410019012020,3
080410019012021,3
080410019012022,3
080410019012023,3
080410019012024,3
080410019012025,3
080410019012026,3
080410019012027,3
080410019012028,3
080410019012029,3
080410019012030,3
080410019012031,3
080410019012032,3
080410019012033,3
080410019012034,3
080410019012035,3
080410019012036,3
080410019012037,3
080410019012038,3
080410019012039,3
080410019012040,3
080410019012041,3
080410019012042,3
080410019012043,3
080410019012044,3
080410019012045,3
080410019012046,3
080410019012047,3
080410019012048,3
080410019021000,3
080410019021001,3
080410019021002,3
080410019021003,3
080410019021004,3
080410019021005,3
080410019021006,3
080410019021007,3
080410019021008,3
080410019021009,3
080410019021010,3
080410019021011,3
080410019021012,3
080410019021013,3
080410019021014,3
080410019021015,3
080410019021016,3
080410019021017,3
080410019021018,3
080410019021019,3
080410019022003,3
080410009002012,3
080410009002013,3
080410009002014,3
080410009002015,3
080410009002016,3
080410009002021,3
080410009002022,3
080410009002023,3
080410009002024,3
080410009002025,3
080410009002026,3
080410010002015,3
080410010002016,3
080410010002017,3
080410010002018,3
080410010002019,3
080410010002020,3
080410010002021,3
080410010002022,3
080410010002023,3
080410010002024,3
080410010002025,3
080410010002026,3
080410010002027,3
080410010002028,3
080410010002029,3
080410010002030,3
080410010002031,3
080410010002032,3
080410010002033,3
080410010002034,3
080410010002035,3
080410010002036,3
080410010003005,3
080410010003006,3
080410010003007,3
080410010003008,3
080410010003009,3
080410010003010,3
080410010003011,3
080410010003012,3
080410010003013,3
080410010003014,3
080410010003019,3
080410010003020,3
080410010003021,3
080410010003022,3
080410010003023,3
080410010003024,3
080410010003025,3
080410010003026,3
080410010003027,3
080410010003028,3
080410010003029,3
080410010003030,3
080410010003031,3
080410010003032,3
080410010003033,3
080410010003034,3
080410010003035,3
080410010003018,3
080410011041014,3
080410011042022,3
080410011042023,3
080410011042024,3
080410011042025,3
080410011042037,3
080410011042038,3
080410011042039,3
080410011042040,3
080410011042041,3
080410011042042,3
080410011042043,3
080410011042044,3
080410011042045,3
080410013022000,3
080410013022001,3
080410013022002,3
080410013022003,3
080410013022004,3
080410013022005,3
080410013022006,3
080410013022007,3
080410010001002,3
080410010001003,3
080410010001004,3
080410010001005,3
080410010001008,3
080410010001009,3
080410010001010,3
080410010001011,3
080410010001012,3
080410010001013,3
080410010001014,3
080410010001017,3
080410010001018,3
080410010001019,3
080410010001020,3
080410010001021,3
080410010001022,3
080410010001023,3
080410010001024,3
080410010001025,3
080410010001026,3
080410010001027,3
080410010001028,3
080410010001029,3
080410010001030,3
080410010002001,3
080410010002002,3
080410010002003,3
080410010002004,3
080410010002005,3
080410010002006,3
080410010002007,3
080410010002008,3
080410010002009,3
080410010002010,3
080410010002011,3
080410010002012,3
080410010003000,3
080410010003001,3
080410010003002,3
080410010003003,3
080410010003004,3
080410010003015,3
080410010003016,3
080410011011000,3
080410011011001,3
080410011011002,3
080410011011003,3
080410011011004,3
080410011011005,3
080410011011006,3
080410011011007,3
080410011011008,3
080410011011009,3
080410011011010,3
080410011011011,3
080410011011012,3
080410011011013,3
080410011011014,3
080410011011015,3
080410011011016,3
080410011011017,3
080410011011018,3
080410011011019,3
080410011011020,3
080410011011021,3
080410011011022,3
080410011011023,3
080410011011024,3
080410011011025,3
080410011011026,3
080410011011027,3
080410011011028,3
080410011011029,3
080410011011030,3
080410011011031,3
080410011011032,3
080410011011033,3
080410011011034,3
080410011011035,3
080410011011036,3
080410011012000,3
080410011012001,3
080410011012002,3
080410011012003,3
080410011012004,3
080410011012005,3
080410011012006,3
080410011012007,3
080410011012008,3
080410011012009,3
080410011012010,3
080410011012011,3
080410011012012,3
080410011012013,3
080410011012014,3
080410011012015,3
080410011012016,3
080410011012017,3
080410011012019,3
080410011012020,3
080410011012021,3
080410011012022,3
080410011012023,3
080410011012024,3
080410011012025,3
080410011012026,3
080410011012027,3
080410011012028,3
080410011012029,3
080410010003017,3
080410011012018,3
080410011041000,3
080410011041001,3
080410011041002,3
080410011041003,3
080410011041004,3
080410011041005,3
080410011041006,3
080410011041007,3
080410011041008,3
080410011041009,3
080410011041010,3
080410011041011,3
080410011041012,3
080410011041013,3
080410011041015,3
080410011041016,3
080410011041017,3
080410011041018,3
080410011041019,3
080410011041020,3
080410011041021,3
080410011041022,3
080410011041023,3
080410011041024,3
080410011042000,3
080410011042001,3
080410011042002,3
080410011042003,3
080410011042004,3
080410011042005,3
080410011042006,3
080410011042007,3
080410011042008,3
080410011042009,3
080410011042010,3
080410011042011,3
080410011042012,3
080410011042013,3
080410011042014,3
080410011042015,3
080410011042016,3
080410011042017,3
080410011042018,3
080410011042019,3
080410011042020,3
080410011042021,3
080410011042026,3
080410011042027,3
080410011042028,3
080410011042029,3
080410011042030,3
080410011042031,3
080410011042032,3
080410011042033,3
080410011042034,3
080410011042035,3
080410011042036,3
080410013011000,3
080410013011001,3
080410013011002,3
080410013011003,3
080410013011004,3
080410013011005,3
080410013011006,3
080410013011007,3
080410013011008,3
080410013011009,3
080410013011010,3
080410013011011,3
080410013011012,3
080410013011013,3
080410013011014,3
080410013011015,3
080410013011016,3
080410013011017,3
080410013011018,3
080410013011019,3
080410013011020,3
080410013011021,3
080410013011022,3
080410013011023,3
080410013011024,3
080410013011025,3
080410013011026,3
080410013011027,3
080410013011028,3
080410013011029,3
080410013011030,3
080410013011031,3
080410013011032,3
080410013012000,3
080410013012001,3
080410013012002,3
080410013012003,3
080410013012004,3
080410013012005,3
080410013012006,3
080410013012007,3
080410013012008,3
080410013012009,3
080410013012010,3
080410013012011,3
080410013012012,3
080410013012013,3
080410013012014,3
080410013012015,3
080410013012016,3
080410013012017,3
080410013012018,3
080410013012019,3
080410013012020,3
080410013012021,3
080410013012022,3
080410013012023,3
080410013012024,3
080410013012025,3
080410013012026,3
080410013013002,3
080410013013003,3
080410013013004,3
080410013013005,3
080410013013006,3
080410013013007,3
080410013013008,3
080410013013009,3
080410013013010,3
080410013013011,3
080410013013012,3
080410013013013,3
080410013013014,3
080410013013015,3
080410013013016,3
080410013013017,3
080410013013018,3
080410013013019,3
080410013013020,3
080410013013021,3
080410013013022,3
080410013013023,3
080410013013024,3
080410013013025,3
080410013013026,3
080410013013027,3
080410013013028,3
080410013013029,3
080410013013030,3
080410013013000,3
080410013013001,3
080410013023000,3
080410013023001,3
080410013023002,3
080410013023003,3
080410013023004,3
080410013023005,3
080410013023006,3
080410013023007,3
080410013023008,3
080410013023009,3
080410013024000,3
080410013024001,3
080410013024002,3
080410013024003,3
080410013024004,3
080410013024005,3
080410013024006,3
080410013024007,3
080410013024008,3
080410013024009,3
080410013024010,3
080410013024011,3
080410013024012,3
080410013024013,3
080410013024014,3
080410013024015,3
080410013024016,3
080410013024017,3
080410013024018,3
080410013024019,3
080410013024020,3
080410013024021,3
080410013021000,3
080410013021001,3
080410013021002,3
080410013021003,3
080410013021004,3
080410013021005,3
080410013021006,3
080410013021007,3
080410013021008,3
080410013021009,3
080410013021010,3
080410013021011,3
080410015001000,3
080410015001001,3
080410015001002,3
080410015001003,3
080410015001004,3
080410015001005,3
080410015001006,3
080410015001007,3
080410015001008,3
080410015001009,3
080410015001010,3
080410015001011,3
080410015001012,3
080410015001013,3
080410015001014,3
080410015001015,3
080410015001016,3
080410015001017,3
080410015001018,3
080410015001019,3
080410015001020,3
080410015001021,3
080410015001022,3
080410015001023,3
080410015001024,3
080410015001025,3
080410015001026,3
080410015001027,3
080410015001028,3
080410015001029,3
080410015001030,3
080410015001031,3
080410015001032,3
080410015001033,3
080410015001034,3
080410016002015,3
080410016002016,3
080410013022008,3
080410013022009,3
080410013022010,3
080410013022011,3
080410013022012,3
080410013022013,3
080410013022014,3
080410013022015,3
080410013022016,3
080410013022017,3
080410013022018,3
080410034011062,3
080410066002000,3
080410066002001,3
080410066002002,3
080410066002003,3
080410066002004,3
080410066002005,3
080410066002006,3
080410066002007,3
080410066002008,3
080410066002009,3
080410066002010,3
080410066002011,3
080410066002013,3
080410066002014,3
080410066002015,3
080410066002016,3
080410066002017,3
080410066002018,3
080410066002019,3
080410066002020,3
080410066002021,3
080410066002022,3
080410066002023,3
080410066002024,3
080410066002025,3
080410066002026,3
080410066002027,3
080410066003002,3
080410066003004,3
080410066003007,3
080410066003009,3
080410066003011,3
080410066003012,3
080410066003013,3
080410067011019,3
080410067011029,3
080410067011033,3
080410067011035,3
080410067011036,3
080410067011037,3
080410067011038,3
080410067011039,3
080410067011040,3
080410067011041,3
080410067011042,3
080410067022000,3
080410067022001,3
080410067022002,3
080410067022003,3
080410067022004,3
080410067022042,3
080410067022043,3
080410014001000,3
080410014001001,3
080410014001002,3
080410014001003,3
080410014001004,3
080410014001005,3
080410014001006,3
080410014001007,3
080410014001008,3
080410014001009,3
080410014001010,3
080410014001011,3
080410014001020,3
080410014001021,3
080410014001022,3
080410014003000,3
080410014003005,3
080410014003006,3
080410014003007,3
080410014003008,3
080410014003009,3
080410014003010,3
080410014003011,3
080410014003031,3
080410014003032,3
080410014003054,3
080410015002000,3
080410015002001,3
080410015002002,3
080410015002003,3
080410015002004,3
080410015002005,3
080410015002006,3
080410015002007,3
080410015002008,3
080410015002009,3
080410015002010,3
080410015002011,3
080410015002012,3
080410015002013,3
080410015002014,3
080410015002015,3
080410015002016,3
080410015002017,3
080410015002018,3
080410015002019,3
080410015002020,3
080410015002021,3
080410015002022,3
080410015002023,3
080410015002024,3
080410015002025,3
080410015002026,3
080410015002027,3
080410015002028,3
080410015002029,3
080410015002030,3
080410015002031,3
080410015002032,3
080410015002033,3
080410015002034,3
080410015002035,3
080410016002030,3
080410030011000,3
080410016001000,3
080410016001001,3
080410016001007,3
080410016001008,3
080410016001009,3
080410016001010,3
080410016001011,3
080410016001012,3
080410016001013,3
080410016001014,3
080410016001015,3
080410016001016,3
080410016001017,3
080410016001018,3
080410016001019,3
080410016001020,3
080410016001021,3
080410016002017,3
080410016002018,3
080410016002019,3
080410016002020,3
080410016002021,3
080410016002024,3
080410016002025,3
080410017002002,3
080410017002003,3
080410017002004,3
080410017002005,3
080410017002006,3
080410017002007,3
080410017002008,3
080410017002009,3
080410017002010,3
080410017002017,3
080410022003000,3
080410023001000,3
080410023001001,3
080410023001002,3
080410023001003,3
080410023001004,3
080410023001017,3
080410022003001,3
080410022003002,3
080410022003003,3
080410022003004,3
080410022003006,3
080410022003007,3
080410022003008,3
080410022003009,3
080410022003010,3
080410022003011,3
080410022003012,3
080410022003017,3
080410022003018,3
080410023001005,3
080410023001006,3
080410023001007,3
080410023001008,3
080410023001009,3
080410023001010,3
080410023001011,3
080410023001012,3
080410023001013,3
080410023001014,3
080410023001015,3
080410023001016,3
080410023001018,3
080410023001019,3
080410023001020,3
080410023001021,3
080410023001022,3
080410023001023,3
080410023001024,3
080410023001025,3
080410023001026,3
080410023001027,3
080410023001028,3
080410023001029,3
080410023001030,3
080410023001031,3
080410023001032,3
080410023001033,3
080410023001034,3
080410023001035,3
080410023001036,3
080410023001037,3
080410023001038,3
080410023001039,3
080410023001040,3
080410023001041,3
080410023001042,3
080410023001043,3
080410023001044,3
080410023001045,3
080410023001046,3
080410023001047,3
080410023001048,3
080410023001049,3
080410023001050,3
080410023001051,3
080410023001052,3
080410023001053,3
080410023001054,3
080410023001055,3
080410023001056,3
080410023001057,3
080410023001058,3
080410023001059,3
080410023002000,3
080410023002001,3
080410023002002,3
080410023002003,3
080410023002004,3
080410023002012,3
080410023002024,3
080410023002025,3
080410023002026,3
080410023002027,3
080410023002028,3
080410023002029,3
080410023002033,3
080410023002034,3
080410023002035,3
080410023002036,3
080410014001012,3
080410014001013,3
080410014001014,3
080410014001015,3
080410014001016,3
080410014001017,3
080410014001018,3
080410014001019,3
080410014001023,3
080410014001024,3
080410014001025,3
080410014001026,3
080410014001027,3
080410014001028,3
080410014001029,3
080410014001030,3
080410014001031,3
080410014001032,3
080410014001033,3
080410014001034,3
080410014001035,3
080410014001036,3
080410014001037,3
080410014001038,3
080410014001039,3
080410014002000,3
080410014002001,3
080410014002002,3
080410014002003,3
080410014002004,3
080410014002005,3
080410014002006,3
080410014002007,3
080410014002008,3
080410014002009,3
080410014002010,3
080410014002011,3
080410014002012,3
080410014002013,3
080410014002014,3
080410014002015,3
080410014002016,3
080410014002017,3
080410014002018,3
080410014002019,3
080410014002020,3
080410014002021,3
080410014002022,3
080410014002023,3
080410014002024,3
080410014002025,3
080410014002026,3
080410014002027,3
080410014002028,3
080410014002029,3
080410014003001,3
080410014003002,3
080410014003003,3
080410014003004,3
080410014003012,3
080410014003013,3
080410014003014,3
080410014003015,3
080410014003016,3
080410014003017,3
080410014003018,3
080410014003019,3
080410014003020,3
080410014003021,3
080410014003022,3
080410014003023,3
080410014003024,3
080410014003025,3
080410014003026,3
080410014003027,3
080410014003028,3
080410014003029,3
080410014003030,3
080410014003033,3
080410014003034,3
080410014003035,3
080410014003036,3
080410014003037,3
080410014003038,3
080410014003039,3
080410014003040,3
080410014003041,3
080410014003042,3
080410014003043,3
080410014003044,3
080410014003045,3
080410014003046,3
080410014003047,3
080410014003048,3
080410014003049,3
080410014003050,3
080410014003051,3
080410014003052,3
080410014003053,3
080410014003055,3
080410014003056,3
080410014003057,3
080410016001002,3
080410016001003,3
080410016001004,3
080410016001005,3
080410016001006,3
080410016002000,3
080410016002001,3
080410016002002,3
080410016002003,3
080410016002004,3
080410016002005,3
080410016002006,3
080410016002007,3
080410016002008,3
080410016002009,3
080410016002010,3
080410016002011,3
080410016002012,3
080410016002013,3
080410016002014,3
080410016002022,3
080410016002023,3
080410016002026,3
080410016002027,3
080410016002028,3
080410016002029,3
080410017001000,3
080410017001001,3
080410017001002,3
080410017001003,3
080410017001004,3
080410017001005,3
080410017001006,3
080410017001007,3
080410017001008,3
080410017001009,3
080410017001010,3
080410017001011,3
080410017002000,3
080410017002001,3
080410017002012,3
080410017002011,3
080410017002013,3
080410017002014,3
080410017002015,3
080410017002016,3
080410018002017,3
080410018002018,3
080410018002019,3
080410018002020,3
080410018002021,3
080410018002030,3
080410018002031,3
080410018002032,3
080410018002033,3
080410018002034,3
080410022001000,3
080410022001001,3
080410022001002,3
080410022001003,3
080410027003000,3
080410027003001,3
080410022001004,3
080410022001005,3
080410022001006,3
080410022001007,3
080410022001008,3
080410022001009,3
080410022001010,3
080410022001011,3
080410022001012,3
080410022001013,3
080410022003005,3
080410027001011,3
080410027001012,3
080410027001013,3
080410027001014,3
080410027001015,3
080410027001016,3
080410027001017,3
080410027001018,3
080410027001019,3
080410027001020,3
080410027001021,3
080410027001022,3
080410027001023,3
080410027001024,3
080410027001025,3
080410027001026,3
080410027001027,3
080410027001028,3
080410027001029,3
080410027001030,3
080410027001031,3
080410027001032,3
080410027001033,3
080410027001034,3
080410027001035,3
080410027001036,3
080410027001037,3
080410027001038,3
080410027001039,3
080410027001040,3
080410027001041,3
080410027001042,3
080410027001043,3
080410027003002,3
080410027003003,3
080410027003004,3
080410027003005,3
080410027003006,3
080410027003007,3
080410019011015,3
080410019011016,3
080410019011017,3
080410019011018,3
080410019011019,3
080410019011020,3
080410019011021,3
080410019011022,3
080410019011023,3
080410019011024,3
080410019011025,3
080410019011026,3
080410019011027,3
080410019011028,3
080410019012049,3
080410019012050,3
080410019012051,3
080410019012052,3
080410019012053,3
080410019012054,3
080410019012055,3
080410019012056,3
080410019012057,3
080410019012058,3
080410019022004,3
080410019022005,3
080410019022006,3
080410019022007,3
080410019022008,3
080410019022009,3
080410019022010,3
080410021011000,3
080410021011001,3
080410021011002,3
080410021011003,3
080410021011004,3
080410021011005,3
080410021011006,3
080410021011007,3
080410021011008,3
080410021011009,3
080410021011010,3
080410021011011,3
080410021011012,3
080410021011013,3
080410021011014,3
080410021011015,3
080410021011016,3
080410021011017,3
080410021011018,3
080410021011019,3
080410021011020,3
080410021011021,3
080410021011022,3
080410021011023,3
080410021011024,3
080410021011025,3
080410021011026,3
080410021011027,3
080410021011028,3
080410021011029,3
080410021011030,3
080410021011031,3
080410021011032,3
080410021011033,3
080410021011034,3
080410021011035,3
080410021011036,3
080410021011037,3
080410021011038,3
080410021011039,3
080410021011040,3
080410021011041,3
080410021011042,3
080410021011043,3
080410021011044,3
080410021011045,3
080410021011046,3
080410021011047,3
080410021011048,3
080410021011049,3
080410021011050,3
080410021011051,3
080410021011052,3
080410021011053,3
080410021012000,3
080410021012001,3
080410021012002,3
080410021012003,3
080410021012004,3
080410021012005,3
080410021012006,3
080410021012007,3
080410021012008,3
080410021012009,3
080410021012010,3
080410021012011,3
080410021012012,3
080410021012013,3
080410021012014,3
080410021012015,3
080410021012016,3
080410021012017,3
080410021012018,3
080410021012019,3
080410021012020,3
080410021013000,4
080410021013001,4
080410021013002,4
080410021013003,4
080410021013004,4
080410021013005,4
080410021013006,4
080410021013007,4
080410021013008,4
080410021013009,4
080410021013010,4
080410021013011,4
080410021013012,4
080410021013013,4
080410021013014,4
080410021013015,4
080410021013016,4
080410021013017,4
080410021013018,4
080410021013019,4
080410021013020,4
080410021013021,4
080410021013022,4
080410021013023,4
080410028012001,4
080410019022000,4
080410019022001,4
080410019022002,4
080410020001000,4
080410020001001,4
080410020001002,4
080410020001003,4
080410020001006,4
080410020001007,4
080410020001008,4
080410020001009,4
080410020001010,4
080410020001011,4
080410020001012,4
080410020001013,4
080410020001014,4
080410020001015,4
080410020001016,4
080410020001017,4
080410020002004,4
080410020002005,4
080410020002006,4
080410020002007,4
080410020002008,4
080410020002009,4
080410020002010,4
080410020002011,4
080410020002012,4
080410020002013,4
080410020002014,4
080410020002015,4
080410020002016,4
080410020002017,4
080410020002018,4
080410020002019,4
080410020002020,4
080410020002021,4
080410020002022,4
080410020002023,4
080410020002024,4
080410020002025,4
080410020002026,4
080410020002027,4
080410020002028,4
080410020002029,4
080410020002030,4
080410020002031,4
080410020002032,4
080410020002033,4
080410020002034,4
080410020002035,4
080410020002036,4
080410020002037,4
080410020002038,4
080410020002039,4
080410020002040,4
080410020002041,4
080410020002042,4
080410060002015,4
080410020001004,4
080410020001005,4
080410020002000,4
080410020002001,4
080410020002002,4
080410020002003,4
080410021021000,4
080410021021001,4
080410021021002,4
080410021021003,4
080410021021004,4
080410021021005,4
080410021021006,4
080410021021008,4
080410021022000,4
080410021022001,4
080410021022002,4
080410021022003,4
080410021022004,4
080410021022005,4
080410021022006,4
080410021022007,4
080410021022008,4
080410021022009,4
080410021022010,4
080410021022011,4
080410021022012,4
080410021022013,4
080410021022014,4
080410021022015,4
080410021022016,4
080410021022017,4
080410021022018,4
080410060002013,4
080410061001000,4
080410061001001,4
080410061001002,4
080410061001003,4
080410061001004,4
080410061001005,4
080410061001006,4
080410061001007,4
080410061001008,4
080410061001009,4
080410061001010,4
080410020003000,4
080410020003001,4
080410020003002,4
080410020003003,4
080410020003004,4
080410020003005,4
080410020003006,4
080410020003007,4
080410020003008,4
080410020003009,4
080410020003010,4
080410020003011,4
080410020003012,4
080410020003013,4
080410020003014,4
080410020003015,4
080410020003016,4
080410020003017,4
080410020003018,4
080410020003019,4
080410020003020,4
080410020003021,4
080410020003022,4
080410020003023,4
080410020003024,4
080410020003025,4
080410020003026,4
080410020003027,4
080410020003028,4
080410020003029,4
080410020003030,4
080410020003031,4
080410020003032,4
080410020003033,4
080410020003034,4
080410020003035,4
080410020003036,4
080410020003037,4
080410020003038,4
080410020003039,4
080410020003040,4
080410020004000,4
080410020004001,4
080410020004002,4
080410020004003,4
080410020004004,4
080410020004005,4
080410020004006,4
080410020004007,4
080410020004008,4
080410020004009,4
080410020004010,4
080410020004011,4
080410020004012,4
080410020004013,4
080410020004014,4
080410020004015,4
080410020004016,4
080410020004017,4
080410021024004,4
080410021024005,4
080410021024006,4
080410021024007,4
080410021024008,4
080410021024009,4
080410021024010,4
080410021024011,4
080410021024012,4
080410021024013,4
080410021024014,4
080410021024015,4
080410021024016,4
080410052011000,4
080410052011001,4
080410052011002,4
080410052011003,4
080410052011004,4
080410052011005,4
080410052012000,4
080410021021007,4
080410021021009,4
080410021021010,4
080410021023000,4
080410021023001,4
080410021023002,4
080410021023003,4
080410021023004,4
080410021023005,4
080410021023006,4
080410021023007,4
080410021023008,4
080410021023009,4
080410021023010,4
080410021023011,4
080410021023012,4
080410021024000,4
080410021024001,4
080410021024002,4
080410021024003,4
080410052021000,4
080410052021001,4
080410052021002,4
080410052021003,4
080410052021004,4
080410052021005,4
080410052021006,4
080410052022001,4
080410022002008,4
080410022002009,4
080410022002010,4
080410022002011,4
080410022002012,4
080410022002013,4
080410022002014,4
080410022002015,4
080410022002016,4
080410022002017,4
080410022002018,4
080410022002019,4
080410022003013,4
080410022003014,4
080410022003015,4
080410022003016,4
080410022003019,4
080410022003020,4
080410022003021,4
080410022003022,4
080410022003023,4
080410022003024,4
080410022003025,4
080410022003026,4
080410022003027,4
080410022003028,4
080410022003029,4
080410022003030,4
080410022003031,4
080410022003032,4
080410022003033,4
080410022003034,4
080410028022008,4
080410028022009,4
080410028022010,4
080410028022011,4
080410028022016,4
080410028022017,4
080410028024004,4
080410028024005,4
080410028024006,4
080410028024007,4
080410028024008,4
080410028024009,4
080410028024015,4
080410028024016,4
080410029011000,4
080410029011001,4
080410029011002,4
080410029011005,4
080410029011006,4
080410029011007,4
080410029011008,4
080410029011009,4
080410029011013,4
080410029011014,4
080410029014000,4
080410029014001,4
080410029014002,4
080410029014003,4
080410029014004,4
080410029014005,4
080410029014006,4
080410029014007,4
080410029014008,4
080410029014009,4
080410029014010,4
080410029014011,4
080410030011011,4
080410030011012,4
080410030011019,4
080410030011028,4
080410023002005,3
080410023002006,3
080410023002007,3
080410023002008,3
080410023002009,3
080410023002010,3
080410023002011,3
080410023002013,3
080410023002014,3
080410023002015,3
080410023002016,3
080410023002017,3
080410023002018,3
080410023002019,3
080410023002020,3
080410023002021,3
080410023002022,3
080410023002023,3
080410023002030,3
080410023002031,3
080410023002032,3
080410023002037,3
080410023002038,3
080410023002039,3
080410023002040,3
080410023002041,3
080410023002042,3
080410023002043,3
080410023002044,3
080410023002045,3
080410023002046,3
080410023002047,3
080410023002048,3
080410023002049,3
080410028022000,3
080410028022001,3
080410028022002,3
080410028022003,3
080410028022004,3
080410028022005,3
080410028022006,3
080410028022007,3
080410028024010,3
080410030011003,3
080410030011004,3
080410024011000,3
080410024011001,3
080410024011002,3
080410024011004,3
080410024011005,3
080410024011006,3
080410024011007,3
080410024011008,3
080410024011009,3
080410024011010,3
080410024011011,3
080410024012000,3
080410024012001,3
080410024012002,3
080410024012003,3
080410024012004,3
080410024012005,3
080410024012006,3
080410024012007,3
080410024012008,3
080410024012009,3
080410024012010,3
080410024012011,3
080410024012012,3
080410024012013,3
080410024012014,3
080410024012015,3
080410024012016,3
080410024012017,3
080410024012018,3
080410024012019,3
080410024012020,3
080410024012021,3
080410024012022,3
080410024012023,3
080410024012024,3
080410024012025,3
080410024013000,3
080410024013001,3
080410024013002,3
080410024013003,3
080410024013004,3
080410024013005,3
080410024013010,3
080410024013014,3
080410024013015,3
080410024013016,3
080410024013017,3
080410024022000,3
080410024022001,3
080410024022002,3
080410024022003,3
080410024022004,3
080410024022005,3
080410024022006,3
080410024022007,3
080410024022008,3
080410024022009,3
080410024022010,3
080410024022011,3
080410024022012,3
080410024022013,3
080410024022014,3
080410024022032,3
080410034011056,3
080410034011057,3
080410034011059,3
080410034011060,3
080410034011061,3
080410034011063,3
080410034011064,3
080410034011065,3
080410034011066,3
080410034011067,3
080410034011068,3
080410034011069,3
080410034011070,3
080410034011071,3
080410034011072,3
080410034011073,3
080410034011074,3
080410034011075,3
080410034011076,3
080410034011077,3
080410034011078,3
080410034011079,3
080410034011080,3
080410034011083,3
080410034011084,3
080410037131040,3
080410037131041,3
080410037131042,3
080410037131043,3
080410037131044,3
080410037131050,3
080410037131065,3
080410066001000,3
080410066001001,3
080410066001002,3
080410066001003,3
080410066001004,3
080410066001005,3
080410066001006,3
080410066001007,3
080410066001008,3
080410066001009,3
080410066001010,3
080410066001011,3
080410066001012,3
080410066001013,3
080410066001014,3
080410066001015,3
080410066001016,3
080410066001017,3
080410066001018,3
080410066001019,3
080410066001020,3
080410066001021,3
080410066001022,3
080410066001023,3
080410066001024,3
080410066001025,3
080410066001026,3
080410066001027,3
080410066001028,3
080410066001029,3
080410066002012,3
080410066003000,3
080410066003001,3
080410066003003,3
080410066003005,3
080410066003006,3
080410066003008,3
080410066003010,3
080410067011000,3
080410067011002,3
080410067011003,3
080410067011004,3
080410067011005,3
080410067011009,3
080410067011010,3
080410024011003,3
080410024011012,3
080410024011013,3
080410024011014,3
080410024011015,3
080410024011016,3
080410024011017,3
080410024013006,3
080410024013007,3
080410024013008,3
080410024013009,3
080410024013011,3
080410024013012,3
080410024013013,3
080410024013018,3
080410024013019,3
080410025011000,3
080410025011001,3
080410025011002,3
080410025012000,3
080410025012001,3
080410024021000,3
080410024021001,3
080410024021002,3
080410024021003,3
080410024021004,3
080410024021005,3
080410024021006,3
080410024021007,3
080410024021008,3
080410024021009,3
080410024021010,3
080410024021011,3
080410024021012,3
080410024021013,3
080410024021014,3
080410024021015,3
080410024021016,3
080410024021017,3
080410024021018,3
080410024021019,3
080410024021020,3
080410024021021,3
080410024021022,3
080410024021023,3
080410024021024,3
080410024021025,3
080410024021026,3
080410024021027,3
080410024022015,3
080410024022016,3
080410024022017,3
080410024022018,3
080410024022019,3
080410024022020,3
080410024022021,3
080410024022022,3
080410024022023,3
080410024022024,3
080410024022025,3
080410024022026,3
080410024022027,3
080410024022028,3
080410024022029,3
080410024022030,3
080410024022031,3
080410024022033,3
080410024022034,3
080410025022000,3
080410025022001,3
080410025022002,3
080410025022006,3
080410025022008,3
080410030011001,3
080410030011002,3
080410030011008,3
080410030012000,3
080410030012001,3
080410030012010,3
080410025011003,3
080410025011004,3
080410025011005,3
080410025013015,3
080410025013022,3
080410025013023,3
080410025013026,3
080410025013027,3
080410025013028,3
080410031004021,3
080410031004022,3
080410031004024,3
080410031004026,3
080410033051009,3
080410033051019,3
080410033051027,3
080410033051028,3
080410033061000,3
080410033061001,3
080410033061002,3
080410033061003,3
080410033061004,3
080410033061005,3
080410033061006,3
080410033061007,3
080410033061008,3
080410033061023,3
080410033061024,3
080410033061025,3
080410033061039,3
080410033061040,3
080410033062007,3
080410033062009,3
080410033062010,3
080410033062011,3
080410033062026,3
080410034011000,3
080410034011001,3
080410034011002,3
080410034011003,3
080410034011004,3
080410034011005,3
080410034011006,3
080410034011007,3
080410034011008,3
080410034011009,3
080410034011010,3
080410034011011,3
080410034011012,3
080410034011013,3
080410034011014,3
080410034011015,3
080410034011016,3
080410034011017,3
080410034011018,3
080410034011019,3
080410034011020,3
080410034011021,3
080410034011022,3
080410034011023,3
080410034011024,3
080410034011025,3
080410034011026,3
080410034011027,3
080410034011028,3
080410034011029,3
080410034011030,3
080410034011031,3
080410034011032,3
080410034011033,3
080410034011034,3
080410034011036,3
080410034011037,3
080410034011038,3
080410034011039,3
080410034011040,3
080410034011041,3
080410034011042,3
080410034011043,3
080410034011044,3
080410034011045,3
080410034011046,3
080410034011047,3
080410034011048,3
080410034011049,3
080410034011050,3
080410034011051,3
080410034011052,3
080410034011053,3
080410034011085,3
080410034011086,3
080410034011087,3
080410034011090,3
080410034011091,3
080410034011092,3
080410034011094,3
080410034011095,3
080410034011096,3
080410034011097,3
080410034011098,3
080410034011101,3
080410034011102,3
080410034012000,3
080410034012001,3
080410034012002,3
080410034012008,3
080410034012009,3
080410034012013,3
080410034012014,3
080410034012015,3
080410034012016,3
080410034012017,3
080410034012018,3
080410034012019,3
080410034012020,3
080410034012021,3
080410034012022,3
080410034012023,3
080410034012024,3
080410034012038,3
080410034012041,3
080410034012042,3
080410034012043,3
080410034021000,3
080410034021001,3
080410034021002,3
080410034021003,3
080410034021004,3
080410034021005,3
080410034021006,3
080410034021007,3
080410034021009,3
080410034021011,3
080410034021012,3
080410034021013,3
080410034021014,3
080410034021015,3
080410034021016,3
080410034021017,3
080410034021018,3
080410034021019,3
080410034021020,3
080410034021021,3
080410034021022,3
080410034021023,3
080410034021024,3
080410034021025,3
080410034021026,3
080410034021027,3
080410034021028,3
080410034021029,3
080410034021030,3
080410034021031,3
080410034021032,3
080410034021033,3
080410034021051,3
080410034021052,3
080410034021053,3
080410034021054,3
080410034021055,3
080410034021057,3
080410034021058,3
080410067012000,3
080410067013006,3
080410067013007,3
080410034011035,3
080410067011013,3
080410067011014,3
080410067011015,3
080410067011016,3
080410067011043,3
080410067012001,3
080410067012002,3
080410067012006,3
080410067012007,3
080410067012009,3
080410067012010,3
080410067012011,3
080410067012012,3
080410067012013,3
080410067012014,3
080410067012015,3
080410067012016,3
080410067012017,3
080410067013001,3
080410067013004,3
080410067013005,3
080410067013008,3
080410067013009,3
080410067013010,3
080410067013011,3
080410067013012,3
080410067013013,3
080410067013014,3
080410067013015,3
080410067013016,3
080410067013017,3
080410067013018,3
080410067013019,3
080410067013020,3
080410067013021,3
080410067013022,3
080410067022014,3
080410034012003,3
080410034012004,3
080410034012005,3
080410034012006,3
080410034012007,3
080410034012010,3
080410034012011,3
080410034012012,3
080410034012025,3
080410034012026,3
080410034012027,3
080410034012028,3
080410034012029,3
080410034012030,3
080410034012031,3
080410034012032,3
080410034012033,3
080410034012034,3
080410034012035,3
080410034012036,3
080410034012037,3
080410034012039,3
080410034012040,3
080410034021008,3
080410025011006,3
080410025011007,3
080410025011008,3
080410025011009,3
080410025011010,3
080410025011011,3
080410025011012,3
080410025011013,3
080410025011014,3
080410025011015,3
080410025011016,3
080410025011017,3
080410025011018,3
080410025011019,3
080410025011020,3
080410025011021,3
080410025012002,3
080410025012003,3
080410025012004,3
080410025012005,3
080410025012006,3
080410025012007,3
080410025012008,3
080410025021000,3
080410025021001,3
080410025021006,3
080410025022003,3
080410025022004,3
080410025022005,3
080410025022007,3
080410025022009,3
080410030012011,3
080410025011022,3
080410025011023,3
080410025011024,3
080410025011025,3
080410025011026,3
080410025011027,3
080410025012009,3
080410025012010,3
080410025012011,3
080410025012012,3
080410025012013,3
080410025012014,3
080410025013000,3
080410025013001,3
080410025013002,3
080410025013003,3
080410025013004,3
080410025013005,3
080410025013006,3
080410025013007,3
080410025013008,3
080410025013009,3
080410025013010,3
080410025013011,3
080410025013012,3
080410025013013,3
080410025013014,3
080410025013016,3
080410025013017,3
080410025013018,3
080410025013019,3
080410025013020,3
080410025013021,3
080410025013024,3
080410025013025,3
080410025013029,3
080410025013030,3
080410025013031,3
080410033061010,3
080410025021002,3
080410025021003,3
080410025021004,3
080410025021005,3
080410025021007,3
080410025021008,3
080410025021009,3
080410025021010,3
080410025021011,3
080410025022010,3
080410025022011,3
080410025023000,3
080410025023001,3
080410025023002,3
080410025023003,3
080410025024000,3
080410025024001,3
080410025024002,3
080410025024003,3
080410025024004,3
080410025024005,3
080410025024006,3
080410025024007,3
080410025024008,3
080410025024009,3
080410025024010,3
080410025024011,3
080410025024012,3
080410025024013,3
080410025024014,3
080410025024015,3
080410025024016,3
080410025024017,3
080410025023004,3
080410025023005,3
080410025023006,3
080410025023007,3
080410030012002,3
080410030012003,3
080410030012004,3
080410030012005,3
080410030012006,3
080410030012007,3
080410030012008,3
080410030012009,3
080410030012015,3
080410030012016,3
080410030012017,3
080410030012018,3
080410030012019,3
080410030012020,3
080410030012021,3
080410030012022,3
080410030021005,3
080410030021006,3
080410030021007,3
080410030021008,3
080410030021009,3
080410030021010,3
080410030021011,3
080410030021012,3
080410030021013,3
080410030021014,3
080410030021015,3
080410030021016,3
080410030021024,3
080410030021025,3
080410030021026,3
080410030021027,3
080410030021028,3
080410030021029,3
080410030021030,3
080410030011005,3
080410030011006,3
080410030011007,3
080410030011009,3
080410030011010,3
080410030011013,3
080410030011014,3
080410030011015,3
080410030011016,3
080410030011017,3
080410030011018,3
080410030011020,3
080410030011021,3
080410030011022,3
080410030011023,3
080410030011024,3
080410030011025,3
080410030011026,3
080410030011027,3
080410030011029,3
080410030011030,3
080410030011031,3
080410030012012,3
080410030012013,3
080410030012014,3
080410030012023,3
080410030021000,3
080410030021001,3
080410030021002,3
080410030021003,3
080410030021004,3
080410030021017,3
080410030021018,3
080410030021019,3
080410030021020,3
080410030021021,3
080410030021022,3
080410030021023,3
080410028011000,4
080410028011001,4
080410028011002,4
080410028011003,4
080410028011004,4
080410028011005,4
080410028011006,4
080410028011007,4
080410028011008,4
080410028011009,4
080410028011010,4
080410028011011,4
080410028011012,4
080410028011013,4
080410028011014,4
080410028011015,4
080410028011016,4
080410028011017,4
080410028011018,4
080410028011019,4
080410028011020,4
080410028011021,4
080410028011022,4
080410028011023,4
080410028012000,4
080410028012002,4
080410028012003,4
080410028012004,4
080410028012005,4
080410028012006,4
080410028012007,4
080410028012008,4
080410028012009,4
080410028012011,4
080410028012012,4
080410028012013,4
080410028012014,4
080410028012015,4
080410028012016,4
080410028012017,4
080410028012019,4
080410028021000,4
080410028021001,4
080410028021002,4
080410028021003,4
080410028021004,4
080410028021005,4
080410028021006,4
080410028021007,4
080410028021008,4
080410028021009,4
080410028021010,4
080410028021011,4
080410028021012,4
080410028021013,4
080410028021014,4
080410028021015,4
080410028021016,4
080410028021017,4
080410028021018,4
080410028021019,4
080410028021020,4
080410028021021,4
080410028021022,4
080410028021023,4
080410028021024,4
080410028021025,4
080410028021026,4
080410028021027,4
080410028021028,4
080410028021029,4
080410028021030,4
080410028021031,4
080410028021032,4
080410028021033,4
080410028021034,4
080410028022027,4
080410028022028,4
080410028022029,4
080410028022030,4
080410028022031,4
080410028022033,4
080410028022034,4
080410028022035,4
080410028022036,4
080410028022037,4
080410028022038,4
080410028022039,4
080410028022040,4
080410028022041,4
080410028022042,4
080410028022043,4
080410028022044,4
080410028022045,4
080410028022046,4
080410028022047,4
080410028022048,4
080410028022049,4
080410028022050,4
080410028022051,4
080410028022052,4
080410028022053,4
080410028022054,4
080410028022055,4
080410028022056,4
080410028022057,4
080410028022058,4
080410028022059,4
080410028022060,4
080410028022061,4
080410028022062,4
080410028023000,4
080410028023001,4
080410028023002,4
080410028023003,4
080410028023004,4
080410028023005,4
080410028023006,4
080410028023007,4
080410028023008,4
080410028023009,4
080410028023010,4
080410028023011,4
080410028023012,4
080410028023013,4
080410028023014,4
080410028023015,4
080410028023016,4
080410028024014,4
080410028024017,4
080410028024018,4
080410028024019,4
080410028024020,4
080410028024021,4
080410029022009,4
080410045011005,4
080410045011011,4
080410053004013,4
080410029011003,4
080410029011004,4
080410029011010,4
080410029011011,4
080410029011012,4
080410029011015,4
080410029011016,4
080410029011017,4
080410029011018,4
080410029011019,4
080410029012000,4
080410029012001,4
080410029012002,4
080410029012003,4
080410029012004,4
080410029012005,4
080410029012006,4
080410029012007,4
080410029012008,4
080410029012009,4
080410029012010,4
080410029012013,4
080410029012014,4
080410029012015,4
080410029012016,4
080410029012017,4
080410029013000,4
080410029013001,4
080410029013002,4
080410029013003,4
080410029013004,4
080410029013006,4
080410029013007,4
080410029013008,4
080410029022001,4
080410029012011,4
080410030022000,4
080410031001000,4
080410033031000,4
080410033031001,4
080410033031002,4
080410033031003,4
080410033031004,4
080410033031005,4
080410033031006,4
080410033031007,4
080410033031008,4
080410033031009,4
080410033031010,4
080410033031011,4
080410033031012,4
080410033031013,4
080410033031014,4
080410033034002,4
080410033034003,4
080410033034004,4
080410033034005,4
080410033034006,4
080410033034007,4
080410033034008,4
080410033034009,4
080410033034010,4
080410033034011,4
080410033034013,4
080410033034014,4
080410033034015,4
080410033073000,4
080410033073001,4
080410033073002,4
080410033073003,4
080410033073004,4
080410029012012,3
080410030022001,3
080410030022002,3
080410030022003,3
080410030022004,3
080410030022005,3
080410030022006,3
080410030022007,3
080410030022008,3
080410030022009,3
080410030022010,3
080410030022011,3
080410030022012,3
080410030022013,3
080410030022014,3
080410030022015,3
080410030022016,3
080410030022017,3
080410030022018,3
080410030022019,3
080410030022020,3
080410031001001,3
080410031001002,3
080410031001003,3
080410031001004,3
080410031001005,3
080410031001006,3
080410031001007,3
080410031001008,3
080410031001009,3
080410031001010,3
080410031001011,3
080410031001012,3
080410031001013,3
080410031001014,3
080410031001015,3
080410031001016,3
080410031001017,3
080410031002000,3
080410031002001,3
080410031002002,3
080410031002003,3
080410031002004,3
080410031002005,3
080410031002006,3
080410031002007,3
080410031002008,3
080410031002009,3
080410031002010,3
080410031002011,3
080410031002012,3
080410031002013,3
080410031002014,3
080410031002015,3
080410031002016,3
080410031003011,3
080410031003012,3
080410031003013,3
080410031003014,3
080410029013005,4
080410029013009,4
080410029013010,4
080410029013011,4
080410029013012,4
080410029013013,4
080410029021000,4
080410029021001,4
080410029021002,4
080410029021003,4
080410029021004,4
080410029021005,4
080410029021006,4
080410029021007,4
080410029021008,4
080410029021009,4
080410029021010,4
080410029021011,4
080410029021012,4
080410029021013,4
080410029021014,4
080410029021015,4
080410029021016,4
080410029022004,4
080410029022005,4
080410029022006,4
080410029022007,4
080410033032000,4
080410033032001,4
080410033032002,4
080410033032003,4
080410033032004,4
080410033032005,4
080410033032017,4
080410033034000,4
080410033034001,4
080410033034012,4
080410031003000,3
080410031003001,3
080410031003002,3
080410031003003,3
080410031003004,3
080410031003005,3
080410031003006,3
080410031003007,3
080410031003008,3
080410031003009,3
080410031003010,3
080410031003015,3
080410031003016,3
080410031003017,3
080410031003018,3
080410031003019,3
080410031003020,3
080410031003021,3
080410031003022,3
080410031003023,3
080410031003024,3
080410031003025,3
080410031004000,3
080410031004001,3
080410031004002,3
080410031004003,3
080410031004004,3
080410031004005,3
080410031004006,3
080410031004007,3
080410031004008,3
080410031004009,3
080410031004010,3
080410031004011,3
080410031004012,3
080410031004013,3
080410031004014,3
080410031004015,3
080410031004016,3
080410031004017,3
080410031004018,3
080410031004019,3
080410031004020,3
080410031005000,3
080410031005001,3
080410031005002,3
080410031005003,3
080410031005004,3
080410031005005,3
080410031005006,3
080410031005007,3
080410031005008,3
080410031005009,3
080410031005010,3
080410031005011,3
080410031005012,3
080410031005013,3
080410031005014,3
080410031005015,3
080410031005016,3
080410031005017,3
080410031006000,3
080410031006001,3
080410031006002,3
080410033061009,3
080410033061011,3
080410031003026,3
080410031006003,3
080410031006004,3
080410031006005,3
080410031006006,3
080410031006007,3
080410031006008,3
080410031006009,3
080410031006010,3
080410031006011,3
080410031006012,3
080410031006013,3
080410031006014,3
080410031006015,3
080410031006016,3
080410031006017,3
080410033052000,3
080410033052001,3
080410033052002,3
080410033052003,3
080410033052004,3
080410033052005,3
080410033052006,3
080410033052008,3
080410033052009,3
080410033052010,3
080410031004023,3
080410031004025,3
080410033051000,3
080410033051001,3
080410033051002,3
080410033051003,3
080410033051004,3
080410033051005,3
080410033051006,3
080410033051007,3
080410033051008,3
080410033051010,3
080410033051011,3
080410033051012,3
080410033051013,3
080410033051014,3
080410033051015,3
080410033051016,3
080410033051017,3
080410033051018,3
080410033051020,3
080410033051022,3
080410033051023,3
080410033051024,3
080410033051026,3
080410033051029,3
080410033051030,3
080410033051031,3
080410033051032,3
080410033051033,3
080410033063020,3
080410033032006,4
080410033032007,4
080410033032008,4
080410033032009,4
080410033032010,4
080410033032011,4
080410033032012,4
080410033032013,4
080410033032014,4
080410033032015,4
080410033032016,4
080410033032020,4
080410033032021,4
080410033032022,4
080410033032023,4
080410033032024,4
080410033032025,4
080410033032026,4
080410033032027,4
080410033032028,4
080410033032029,4
080410033032030,4
080410033033000,4
080410033033001,4
080410033033002,4
080410033033004,4
080410033033005,4
080410033033006,4
080410033033007,4
080410033033008,4
080410033033009,4
080410033033010,4
080410033033011,4
080410033033012,4
080410033033013,4
080410033033014,4
080410033033015,4
080410033033016,4
080410033033017,4
080410033033018,4
080410033033020,4
080410033033021,4
080410033071007,4
080410033071008,4
080410033084000,4
080410033084018,4
080410033084019,4
080410033084022,4
080410033033003,2
080410033033019,2
080410033084020,2
080410033084021,2
080410033084023,2
080410044021000,2
080410044021001,2
080410044021002,2
080410044021003,2
080410044021004,2
080410044021005,2
080410044021006,2
080410044021007,2
080410044021008,2
080410044021009,2
080410044021010,2
080410044021011,2
080410044021012,2
080410044021013,2
080410044021014,2
080410044021015,2
080410044021016,2
080410044022000,2
080410044022001,2
080410044022002,2
080410044022003,2
080410044022004,2
080410044022005,2
080410044022006,2
080410044022007,2
080410044022008,2
080410044022009,2
080410044022010,2
080410044022011,2
080410044022012,2
080410044022013,2
080410044022014,2
080410044022015,2
080410044022016,2
080410044022017,2
080410044022018,2
080410044022019,2
080410044022020,2
080410044022021,2
080410044022022,2
080410044022023,2
080410044022024,2
080410044022025,2
080410044022026,2
080410044022027,2
080410044022028,2
080410044022029,2
080410044022030,2
080410044022031,2
080410044022032,2
080410044022033,2
080410044022034,2
080410044022035,2
080410044022036,2
080410044022037,2
080410044022038,2
080410044022039,2
080410044022040,2
080410044022041,2
080410044022042,2
080410044022043,2
080410044023000,2
080410044023001,2
080410044023002,2
080410044023003,2
080410044023004,2
080410044023005,2
080410044023006,2
080410044023007,2
080410044023008,2
080410044023009,2
080410044023010,2
080410044023011,2
080410044023012,2
080410044023013,2
080410044023015,2
080410044023016,2
080410044023017,2
080410044023019,2
080410044023022,2
080410044023023,2
080410044023024,2
080410044023025,2
080410044023026,2
080410044023027,2
080410044023028,2
080410044023029,2
080410044023030,2
080410044023031,2
080410044023032,2
080410044023034,2
080410044052003,2
080410044052004,2
080410044052005,2
080410044052006,2
080410044062000,2
080410044062001,2
080410044062009,2
080410044062010,2
080410045012037,2
080410045012038,2
080410045012039,2
080410045012042,2
080410045012043,2
080410045013002,2
080410045013014,2
080410045013016,2
080410045013017,2
080410045013018,2
080410045013019,2
080410033051021,3
080410033051025,3
080410033053008,3
080410033053009,3
080410033053012,3
080410033054000,3
080410033054001,3
080410033054002,3
080410033054003,3
080410033054004,3
080410033054005,3
080410033054006,3
080410033054011,3
080410033062000,3
080410033062001,3
080410033062002,3
080410033062003,3
080410033062004,3
080410033062020,3
080410033062021,3
080410033063000,3
080410033063001,3
080410033063002,3
080410033063003,3
080410033063004,3
080410033063005,3
080410033063006,3
080410033063007,3
080410033063008,3
080410033063009,3
080410033063010,3
080410033063011,3
080410033063012,3
080410033063013,3
080410033063014,3
080410033063015,3
080410033063016,3
080410033063017,3
080410033063018,3
080410033063019,3
080410033052007,3
080410033052011,3
080410033052012,3
080410033052013,3
080410033052014,3
080410033052015,3
080410033053000,3
080410033053001,3
080410033053002,3
080410033053003,3
080410033053004,3
080410033053005,3
080410033053006,3
080410033053007,3
080410033053010,3
080410033053011,3
080410033054007,3
080410033054008,3
080410033054009,3
080410033054010,3
080410033061012,3
080410033061013,3
080410033061014,3
080410033061015,3
080410033061016,3
080410033061017,3
080410033061018,3
080410033061019,3
080410033061020,3
080410033061021,3
080410033061022,3
080410033061026,3
080410033061027,3
080410033061028,3
080410033061029,3
080410033061030,3
080410033061031,3
080410033061032,3
080410033061033,3
080410033061034,3
080410033061035,3
080410033061036,3
080410033061037,3
080410033061038,3
080410033061041,3
080410033062005,3
080410033062006,3
080410033062008,3
080410033062012,3
080410033062013,3
080410033062014,3
080410033062015,3
080410033062016,3
080410033062017,3
080410033062018,3
080410033062019,3
080410033062022,3
080410033062023,3
080410033062024,3
080410033062025,3
080410033071000,4
080410033071001,4
080410033071002,4
080410033071003,4
080410033071004,4
080410033071005,4
080410033071006,4
080410033071009,4
080410033071010,4
080410033071011,4
080410033071012,4
080410033071013,4
080410033083000,4
080410033083001,4
080410033083002,4
080410033084001,4
080410033084002,4
080410033084003,4
080410033084004,4
080410033084005,4
080410033084006,4
080410033084007,4
080410033084009,4
080410033084010,4
080410033084011,4
080410033084012,4
080410033084013,4
080410033072000,4
080410033072001,4
080410033072002,4
080410033072003,4
080410033072004,4
080410033072005,4
080410033072006,4
080410033072007,4
080410033072008,4
080410033073005,4
080410033073006,4
080410033073007,4
080410033073008,4
080410033083003,4
080410033083004,4
080410033083005,4
080410033083006,4
080410033081000,4
080410033081001,4
080410033081002,4
080410033081003,4
080410033081004,4
080410033081005,4
080410033082000,4
080410033082001,4
080410033082002,4
080410033082003,4
080410033082004,4
080410033082005,4
080410033082006,4
080410033082007,4
080410033082008,4
080410033082009,4
080410033084008,4
080410033084014,4
080410033084015,4
080410033084016,4
080410033084017,4
080410033082010,2
080410033082011,2
080410033082012,2
080410044023014,2
080410044023018,2
080410044023020,2
080410044023021,2
080410044041000,2
080410044041001,2
080410044041002,2
080410044041003,2
080410044041004,2
080410044041005,2
080410044041006,2
080410044041007,2
080410044041008,2
080410044041009,2
080410044041010,2
080410044041011,2
080410044041012,2
080410044041013,2
080410044041014,2
080410044041015,2
080410044042000,2
080410044042001,2
080410044042002,2
080410044042003,2
080410044042004,2
080410044042005,2
080410044042006,2
080410044042007,2
080410044042008,2
080410044042009,2
080410044051000,2
080410044051001,2
080410044051002,2
080410044051003,2
080410044051004,2
080410044051005,2
080410044051006,2
080410044051007,2
080410044051008,2
080410044051009,2
080410044052000,2
080410044052001,2
080410044052002,2
080410044052007,2
080410044052008,2
080410044052009,2
080410044052010,2
080410044052011,2
080410044052012,2
080410044052013,2
080410044052014,2
080410044052015,2
080410044052016,2
080410044052017,2
080410044052018,2
080410044052019,2
080410044052020,2
080410044052021,2
080410044052022,2
080410044052023,2
080410044053000,2
080410044053001,2
080410044053002,2
080410044053003,2
080410044061000,2
080410044061001,2
080410044061002,2
080410044061003,2
080410044061004,2
080410044061005,2
080410044061006,2
080410044061007,2
080410044061008,2
080410044061009,2
080410044061010,2
080410044061011,2
080410044061012,2
080410044061013,2
080410044062002,2
080410044062003,2
080410044062004,2
080410044062005,2
080410044062006,2
080410044062007,2
080410044062008,2
080410044062011,2
080410044062012,2
080410044062013,2
080410034021034,3
080410034021035,3
080410034021036,3
080410034021037,3
080410034021038,3
080410034021039,3
080410034021040,3
080410034021041,3
080410034021042,3
080410034021043,3
080410034021044,3
080410034021045,3
080410034021046,3
080410034021047,3
080410034021048,3
080410034021050,3
080410034021056,3
080410037131048,3
080410067011006,3
080410067011007,3
080410067011008,3
080410067013000,3
080410067013002,3
080410067013003,3
080410067013023,3
080410067013024,3
080410034021049,3
080410037131051,3
080410037131052,3
080410037131020,3
080410037131021,3
080410037131022,3
080410037131029,3
080410037131030,3
080410037131031,3
080410037131032,3
080410037131033,3
080410037131034,3
080410037131047,3
080410037131049,3
080410034011054,3
080410034011082,3
080410034011088,3
080410034011089,3
080410034011093,3
080410034011099,3
080410034011100,3
080410067012008,3
080410067021017,3
080410067021018,3
080410067021019,3
080410067021033,3
080410067021034,3
080410067022033,3
080410067022034,3
080410067022039,3
080410067022040,3
080410034011055,3
080410034011058,3
080410034011081,3
080410067011011,3
080410067011012,3
080410067011017,3
080410067011018,3
080410067011034,3
080410067022005,3
080410067022006,3
080410067022007,3
080410067022008,3
080410067022009,3
080410067022010,3
080410067022011,3
080410067022012,3
080410067022018,3
080410067022019,3
080410067022022,3
080410067022023,3
080410067022024,3
080410067022025,3
080410067022026,3
080410067022027,3
080410067022028,3
080410067022029,3
080410067022030,3
080410067022031,3
080410067022032,3
080410067022035,3
080410067022036,3
080410034021010,3
080410037053010,3
080410037122012,3
080410037122013,3
080410037122014,3
080410037122029,3
080410037122030,3
080410037122032,3
080410037122033,3
080410037122034,3
080410037122035,3
080410037122036,3
080410037122037,3
080410037122050,3
080410037122063,3
080410037122064,3
080410037122067,3
080410037122068,3
080410037122069,3
080410037122070,3
080410037122079,3
080410037131000,3
080410037131001,3
080410037131002,3
080410037131003,3
080410037131005,3
080410037131006,3
080410037131007,3
080410037131008,3
080410037131009,3
080410037131010,3
080410037131012,3
080410037131013,3
080410037131014,3
080410037131015,3
080410037131016,3
080410037131017,3
080410037131018,3
080410037131019,3
080410037131023,3
080410037131024,3
080410037131025,3
080410037131026,3
080410037131028,3
080410037131035,3
080410037131045,3
080410037131046,3
080410037131055,3
080410037131064,3
080410037132049,3
080410037132054,3
080410037132059,3
080410037132060,3
080410037132062,3
080410037132063,3
080410037132064,3
080410037132065,3
080410037132066,3
080410037132070,3
080410037132072,3
080410037132073,3
080410037132074,3
080410037132075,3
080410037132076,3
080410037132077,3
080410037132078,3
080410037132079,3
080410038011029,3
080410038011030,3
080410038011032,3
080410037022008,3
080410037022009,3
080410037022010,3
080410037022011,3
080410037022020,3
080410037053000,3
080410037053001,3
080410037053002,3
080410037053003,3
080410037053004,3
080410037053005,3
080410037053006,3
080410037053007,3
080410037053008,3
080410037053009,3
080410037053011,3
080410037053012,3
080410037053013,3
080410037053014,3
080410037053015,3
080410037053016,3
080410037053017,3
080410037054013,3
080410037021000,3
080410037021001,3
080410037021002,3
080410037021003,3
080410037021004,3
080410037021005,3
080410037022003,3
080410037061001,3
080410037061012,3
080410037071011,3
080410037022000,3
080410037022001,3
080410037022002,3
080410037022004,3
080410037022005,3
080410037022006,3
080410037022007,3
080410037022012,3
080410037022013,3
080410037022014,3
080410037022015,3
080410037022016,3
080410037022017,3
080410037022018,3
080410037022019,3
080410037023001,3
080410037023002,3
080410037023003,3
080410037023004,3
080410037023005,3
080410037023006,3
080410037051005,3
080410037023000,3
080410037051000,3
080410037051001,3
080410037051002,3
080410037051003,3
080410037051004,3
080410037054000,3
080410037054001,3
080410037054002,3
080410037054003,3
080410037054004,3
080410037054005,3
080410037054006,3
080410037054007,3
080410037054008,3
080410037054009,3
080410037054010,3
080410037054011,3
080410037054012,3
080410037054014,3
080410037054015,3
080410037054016,3
080410037054017,3
080410037054018,3
080410037054019,3
080410037054020,3
080410037054021,3
080410037054022,3
080410037054023,3
080410039051028,3
080410039051029,3
080410037024000,3
080410037024001,3
080410037024002,3
080410037024003,3
080410037024004,3
080410037024005,3
080410037024006,3
080410037061000,3
080410037061002,3
080410037061003,3
080410037061004,3
080410037052014,3
080410037052015,3
080410037052016,3
080410037062000,3
080410037062001,3
080410037062002,3
080410037062003,3
080410037062005,3
080410037062006,3
080410037062009,3
080410037062010,3
080410037052025,3
080410037052026,3
080410037102004,3
080410037102005,3
080410037111000,3
080410037111001,3
080410037111002,3
080410037111003,3
080410037111006,3
080410037112001,3
080410037112002,3
080410037112003,3
080410037112004,3
080410037112005,3
080410037112006,3
080410037112007,3
080410037112008,3
080410037112009,3
080410037112010,3
080410037112011,3
080410037112012,3
080410037112014,3
080410037112031,3
080410037061005,3
080410037061006,3
080410037061007,3
080410037061008,3
080410037061009,3
080410037061010,3
080410037061011,3
080410037061013,3
080410037061014,3
080410037062004,3
080410037062007,3
080410037062008,3
080410037062011,3
080410037062012,3
080410037062013,3
080410037062014,3
080410037062015,3
080410037062016,3
080410037062017,3
080410037062018,3
080410037062019,3
080410037071000,3
080410037071001,3
080410037071002,3
080410037071003,3
080410037071004,3
080410037071005,3
080410037071006,3
080410037071007,3
080410037071008,3
080410037071009,3
080410037071010,3
080410037071012,3
080410037071013,3
080410037071014,3
080410037071015,3
080410037071016,3
080410037071017,3
080410037071018,3
080410037071019,3
080410037071020,3
080410037071021,3
080410037071022,3
080410037071023,3
080410037071024,3
080410037071025,3
080410037131036,3
080410037131037,3
080410037131038,3
080410037072000,3
080410037072001,3
080410037072002,3
080410037072003,3
080410037072004,3
080410037072005,3
080410037072006,3
080410037072007,3
080410037072008,3
080410037072009,3
080410037072010,3
080410037072011,3
080410037072012,3
080410037083000,3
080410037083001,3
080410037083002,3
080410037083003,3
080410037083004,3
080410037083005,3
080410037083006,3
080410037083007,3
080410037083008,3
080410037083009,3
080410037083011,3
080410037083012,3
080410037083013,3
080410037131039,3
080410037083010,3
080410037101000,3
080410037101001,3
080410037101002,3
080410037101004,3
080410037101005,3
080410037101006,3
080410037101007,3
080410037101008,3
080410037101009,3
080410037102000,3
080410037102001,3
080410037102002,3
080410037102003,3
080410037102006,3
080410037102007,3
080410037102008,3
080410037102009,3
080410037102010,3
080410037102011,3
080410037102012,3
080410037102013,3
080410037102014,3
080410037102015,3
080410037102016,3
080410037111004,3
080410037112013,3
080410037112019,3
080410037081000,3
080410037081001,3
080410037081002,3
080410037081003,3
080410037081004,3
080410037081005,3
080410037081006,3
080410037081007,3
080410037081008,3
080410037081009,3
080410037081010,3
080410037081011,3
080410037081012,3
080410037081013,3
080410037081014,3
080410037082000,3
080410037082001,3
080410037082002,3
080410037082003,3
080410037082004,3
080410037082005,3
080410037082006,3
080410037101003,3
080410037101010,3
080410037101011,3
080410037101012,3
080410037101013,3
080410037101014,3
080410037101015,3
080410037101016,3
080410037101017,3
080410037101018,3
080410037112015,3
080410037112016,3
080410037112017,3
080410037112018,3
080410037112020,3
080410037112021,3
080410037112022,3
080410037112023,3
080410037112024,3
080410037112025,3
080410037112026,3
080410037112027,3
080410037112028,3
080410037112029,3
080410037121000,1
080410037121001,1
080410037121002,1
080410037121003,1
080410037121004,1
080410037121005,1
080410037121006,1
080410037121007,1
080410037121008,1
080410037121009,1
080410037121010,1
080410037121011,1
080410037121012,1
080410037121013,1
080410037121014,1
080410037121015,1
080410037121016,1
080410037121017,1
080410037121018,1
080410037121019,1
080410037121020,1
080410037121021,1
080410037121022,1
080410037121023,1
080410037121024,1
080410037121025,1
080410037121026,1
080410037121027,1
080410037121028,1
080410037121029,1
080410037121045,1
080410037121046,1
080410037122016,1
080410037122017,1
080410037122018,1
080410037122019,1
080410037122020,1
080410037122021,1
080410037122022,1
080410037122024,1
080410037122031,1
080410037122038,1
080410037122039,1
080410037122040,1
080410037122041,1
080410037122042,1
080410037122043,1
080410037122044,1
080410037122045,1
080410037122046,1
080410037122047,1
080410037122048,1
080410037122049,1
080410037122051,1
080410037122052,1
080410037122053,1
080410037122054,1
080410037122055,1
080410037122061,1
080410037122062,1
080410037122065,1
080410037122066,1
080410037122071,1
080410037122080,1
080410037133012,1
080410037133013,1
080410037133014,1
080410037133015,1
080410037133016,1
080410074011018,1
080410074012028,1
080410037122000,1
080410037122001,1
080410037122002,1
080410037122003,1
080410037122004,1
080410037122005,1
080410037122006,1
080410037122007,1
080410037122008,1
080410037122009,1
080410037122010,1
080410037122011,1
080410037122015,1
080410037122023,1
080410037122025,1
080410037122026,1
080410037122027,1
080410037122028,1
080410037131004,1
080410037132001,1
080410037132002,1
080410037132003,1
080410037132004,1
080410037132005,1
080410037132006,1
080410037132007,1
080410037132008,1
080410037132009,1
080410037132010,1
080410037132011,1
080410037132012,1
080410037132013,1
080410037132014,1
080410037132015,1
080410037132016,1
080410037132017,1
080410037132018,1
080410037132019,1
080410037132020,1
080410037132021,1
080410037132022,1
080410037132023,1
080410037132024,1
080410037132025,1
080410037132026,1
080410037132027,1
080410037132028,1
080410037132029,1
080410037132030,1
080410037132031,1
080410037132032,1
080410037132033,1
080410037132034,1
080410037132035,1
080410037132036,1
080410037132037,1
080410037132038,1
080410037132039,1
080410037132040,1
080410037132041,1
080410037132042,1
080410037132043,1
080410037132044,1
080410037132045,1
080410037132046,1
080410037132047,1
080410037132048,1
080410037132050,1
080410037132051,1
080410037132052,1
080410037132053,1
080410037132055,1
080410037132056,1
080410037132057,1
080410037132058,1
080410037132061,1
080410037132067,1
080410037132068,1
080410037132069,1
080410037132071,1
080410037132080,1
080410037132081,1
080410037132082,1
080410037132083,1
080410037132085,1
080410037132086,1
080410037132087,1
080410037132088,1
080410037132089,1
080410037132090,1
080410037132091,1
080410037133004,1
080410037133008,1
080410037121030,1
080410037121031,1
080410037121032,1
080410037121033,1
080410037121034,1
080410037121035,1
080410037121036,1
080410037121037,1
080410037121038,1
080410037121039,1
080410037121040,1
080410037121041,1
080410037121042,1
080410037121043,1
080410037121044,1
080410037121047,1
080410037121048,1
080410037121049,1
080410037121050,1
080410037121051,1
080410037121052,1
080410037121053,1
080410037121054,1
080410037121055,1
080410037121056,1
080410037121057,1
080410037121058,1
080410037121059,1
080410037121060,1
080410037121061,1
080410037121062,1
080410037121063,1
080410037121065,1
080410037121070,1
080410037121071,1
080410037121072,1
080410037122056,1
080410037122057,1
080410037122058,1
080410037122059,1
080410037122060,1
080410037122072,1
080410037122073,1
080410037122074,1
080410037122075,1
080410037122076,1
080410037122077,1
080410037122078,1
080410037131011,1
080410037131056,1
080410037131057,1
080410037131058,1
080410037131059,1
080410037131060,1
080410037131061,1
080410037131062,1
080410037131063,1
080410072032006,1
080410072032007,1
080410073012002,1
080410073012003,1
080410073021043,1
080410037121064,1
080410037121066,1
080410037121067,1
080410037121068,1
080410037121069,1
080410038021003,1
080410072031005,1
080410072031007,1
080410072031008,1
080410072031009,1
080410072031010,1
080410072031011,1
080410072031012,1
080410072031013,1
080410072031014,1
080410072031015,1
080410072031016,1
080410072031017,1
080410072031018,1
080410072031019,1
080410072031021,1
080410072031022,1
080410072031023,1
080410072031024,1
080410072031026,1
080410072032001,1
080410072032002,1
080410072032003,1
080410072032004,1
080410072032005,1
080410072032008,1
080410072032009,1
080410072032010,1
080410072032011,1
080410072032012,1
080410072032013,1
080410072032014,1
080410072032015,1
080410037131027,3
080410037131053,3
080410037131054,3
080410038011000,3
080410038011001,3
080410038011002,3
080410038011003,3
080410038011004,3
080410038011005,3
080410038011006,3
080410038011007,3
080410038011008,3
080410038011009,3
080410038011010,3
080410038011011,3
080410038011012,3
080410038011013,3
080410038011014,3
080410038011015,3
080410038011016,3
080410038011017,3
080410038011018,3
080410038011019,3
080410038011020,3
080410038011021,3
080410038011022,3
080410038011023,3
080410038011024,3
080410038011025,3
080410038011026,3
080410038011027,3
080410038011028,3
080410038011031,3
080410038011033,3
080410038012000,3
080410038012001,3
080410038012002,3
080410038012003,3
080410038012004,3
080410038012005,3
080410038012006,3
080410038012007,3
080410038012008,3
080410038012009,3
080410038012010,3
080410038012011,3
080410038012012,3
080410038012013,3
080410038012014,3
080410038012015,3
080410038012016,3
080410038012017,3
080410038012018,3
080410038021000,3
080410038021001,3
080410038021002,3
080410038021004,3
080410038021005,3
080410038021006,3
080410038021007,3
080410038021008,3
080410038021009,3
080410038021010,3
080410038021011,3
080410038021012,3
080410038021013,3
080410038021014,3
080410038021015,3
080410038021016,3
080410038021017,3
080410038021018,3
080410038021019,3
080410038021020,3
080410038021021,3
080410038021022,3
080410038021023,3
080410038021024,3
080410038021025,3
080410038021026,3
080410038021027,3
080410038021028,3
080410038021029,3
080410038021030,3
080410038021031,3
080410038021032,3
080410038021033,3
080410038021034,3
080410038021035,3
080410038021036,3
080410038021037,3
080410038021038,3
080410038021039,3
080410038021040,3
080410038021041,3
080410038021042,3
080410038021043,3
080410038021044,3
080410038021045,3
080410038021046,3
080410038021047,3
080410038021048,3
080410038021049,3
080410038021051,3
080410038021052,3
080410038021053,3
080410038021054,3
080410038021055,3
080410038021056,3
080410038021057,3
080410038021058,3
080410038021059,3
080410038021060,3
080410038021061,3
080410038021062,3
080410038021063,3
080410038021064,3
080410038021065,3
080410038021066,3
080410038021069,3
080410038022000,3
080410038022001,3
080410038022002,3
080410038022003,3
080410038022004,3
080410038022005,3
080410038022006,3
080410038022007,3
080410038022008,3
080410038022009,3
080410038022010,3
080410038022011,3
080410038022012,3
080410039051000,3
080410039051001,3
080410039061012,3
080410039061018,3
080410039061019,3
080410072031025,3
080410037132000,1
080410037132084,1
080410037133000,1
080410037133001,1
080410037133002,1
080410037133003,1
080410037133005,1
080410037133006,1
080410037133007,1
080410037133009,1
080410037133010,1
080410037133011,1
080410074012002,1
080410074012007,1
080410074012008,1
080410074012009,1
080410074012010,1
080410074012011,1
080410074012012,1
080410074012013,1
080410074012014,1
080410074012015,1
080410074012016,1
080410074012017,1
080410074012018,1
080410074012019,1
080410074012025,1
080410074012026,1
080410074012027,1
080410074012029,1
080410074012030,1
080410072042013,1
080410072042014,1
080410072042015,1
080410072042016,1
080410072042017,1
080410072042018,1
080410072042019,1
080410072042020,1
080410072042021,1
080410072042022,1
080410072042023,1
080410072042024,1
080410072042025,1
080410072042026,1
080410072042028,1
080410072042029,1
080410072042030,1
080410072042033,1
080410072052000,1
080410072052001,1
080410072052002,1
080410072052003,1
080410072052004,1
080410072052005,1
080410072052006,1
080410072052007,1
080410072052008,1
080410072052009,1
080410072052010,1
080410072052011,1
080410072052012,1
080410072052013,1
080410072052014,1
080410072052015,1
080410072052033,1
080410072052034,1
080410072052035,1
080410072061029,1
080410072061030,1
080410072061031,1
080410072061032,1
080410072061033,1
080410072061034,1
080410072061035,1
080410072061036,1
080410072061041,1
080410072061044,1
080410072051000,1
080410072052023,1
080410072052024,1
080410072052025,1
080410072052026,1
080410072052027,1
080410072052028,1
080410072052029,1
080410072052030,1
080410072052031,1
080410072052032,1
080410072052036,1
080410072052037,1
080410072052038,1
080410072052039,1
080410072062014,1
080410072062015,1
080410072062017,1
080410072062045,1
080410072062046,1
080410072051001,1
080410072051002,1
080410072051003,1
080410072051004,1
080410072051005,1
080410072051006,1
080410072051007,1
080410072051008,1
080410072051009,1
080410072051010,1
080410072051011,1
080410072051012,1
080410072051013,1
080410072051014,1
080410072051015,1
080410072051016,1
080410072051017,1
080410072051018,1
080410072051019,1
080410072051020,1
080410038021050,1
080410070001005,1
080410070001008,1
080410070001009,1
080410070001010,1
080410070001011,1
080410070001012,1
080410070001013,1
080410070001014,1
080410070001015,1
080410070001016,1
080410070001017,1
080410070001018,1
080410070001019,1
080410070001020,1
080410070001021,1
080410070001022,1
080410070001023,1
080410070001024,1
080410070001025,1
080410070001026,1
080410070001027,1
080410070001028,1
080410070001029,1
080410070001030,1
080410070001031,1
080410070002000,1
080410070002001,1
080410070002002,1
080410070002003,1
080410070002004,1
080410070002005,1
080410072051024,1
080410072051025,1
080410072051026,1
080410072051027,1
080410072051028,1
080410072051029,1
080410072051030,1
080410072052016,1
080410072052017,1
080410072052018,1
080410072052019,1
080410072052020,1
080410072052021,1
080410072061005,1
080410072061012,1
080410072061016,1
080410072061023,1
080410072061024,1
080410072061025,1
080410072061026,1
080410072061027,1
080410072061028,1
080410072061037,1
080410072061038,1
080410072061039,1
080410038021067,1
080410038021068,1
080410038021070,1
080410039051002,1
080410039051004,1
080410039051005,1
080410039051006,1
080410039051007,1
080410039051008,1
080410039051009,1
080410039051010,1
080410039051011,1
080410039051012,1
080410039051013,1
080410039051014,1
080410039051015,1
080410039051016,1
080410039051017,1
080410039051020,1
080410039051021,1
080410039051022,1
080410039051023,1
080410039051024,1
080410039051025,1
080410039051026,1
080410039051027,1
080410039051030,1
080410039051033,1
080410039052000,1
080410039052001,1
080410039052002,1
080410039052003,1
080410039052004,1
080410039052005,1
080410039052006,1
080410039052007,1
080410039052008,1
080410039052009,1
080410039052013,1
080410039052014,1
080410039052015,1
080410039052016,1
080410039052017,1
080410039052018,1
080410039052019,1
080410039052020,1
080410039052021,1
080410039052022,1
080410039052026,1
080410039052029,1
080410070001004,1
080410070001006,1
080410070001007,1
080410075025000,1
080410075025001,1
080410075025002,1
080410075025003,1
080410075025004,1
080410075025005,1
080410075025006,1
080410075025007,1
080410075025008,1
080410075025009,1
080410075025010,1
080410075025011,1
080410075025012,1
080410075025013,1
080410075025014,1
080410075025015,1
080410039051003,1
080410039051018,1
080410039051019,1
080410039061001,1
080410039061002,1
080410039061003,1
080410039061004,1
080410039061005,1
080410039061006,1
080410039061007,1
080410039061008,1
080410039061009,1
080410039061010,1
080410039061011,1
080410039061013,1
080410039061014,1
080410039061015,1
080410039061016,1
080410039061017,1
080410039061020,1
080410039061021,1
080410039061022,1
080410039061023,1
080410039061024,1
080410039061025,1
080410039061026,1
080410039061027,1
080410039061029,1
080410039061030,1
080410039062009,1
080410039062010,1
080410039062011,1
080410039062012,1
080410039063004,1
080410039063014,1
080410039063015,1
080410039063016,1
080410039064002,1
080410039064010,1
080410039064012,1
080410039064013,1
080410039051031,5
080410039051032,5
080410077002000,5
080410077002001,5
080410077002002,5
080410077002003,5
080410077002004,5
080410077002005,5
080410077002006,5
080410077002007,5
080410077002008,5
080410077002009,5
080410077002010,5
080410077002011,5
080410077002012,5
080410077002013,5
080410077002014,5
080410077002015,5
080410077002016,5
080410077002017,5
080410077002018,5
080410077002019,5
080410077002022,5
080410047011011,5
080410047011012,5
080410047011013,5
080410047012002,5
080410047012004,5
080410047012005,5
080410047012006,5
080410047012007,5
080410047012008,5
080410039052010,1
080410039052011,1
080410039052012,1
080410039053000,1
080410039053001,1
080410039053002,1
080410039053003,1
080410039053004,1
080410039053005,1
080410039053006,1
080410039053007,1
080410039053008,1
080410039053009,1
080410039061028,1
080410039061031,1
080410039063000,1
080410039063001,1
080410039063002,1
080410039063003,1
080410039063005,1
080410039063006,1
080410039063007,1
080410039063008,1
080410039063009,1
080410039063010,1
080410039063011,1
080410039063012,1
080410039063013,1
080410039062000,1
080410039062001,1
080410039062002,1
080410039062003,1
080410039062004,1
080410039062005,1
080410039062006,1
080410039062007,1
080410039062008,1
080410039062013,1
080410039064003,1
080410039064004,1
080410039064005,1
080410039064006,1
080410039064007,1
080410039064008,1
080410039064009,1
080410039064011,1
080410039064014,1
080410039064015,1
080410039064016,1
080410039064017,1
080410039064018,1
080410039064019,1
080410039064020,1
080410039064021,1
080410039064022,1
080410039064023,1
080410068021001,1
080410068021017,1
080410068021018,1
080410068011000,1
080410068011005,1
080410068012000,1
080410068012001,1
080410068012002,1
080410068012003,1
080410068012004,1
080410068012005,1
080410068012006,1
080410068012007,1
080410068012008,1
080410068012009,1
080410068012010,1
080410068012011,1
080410068012012,1
080410068012013,1
080410068012014,1
080410068012015,1
080410068012016,1
080410068012017,1
080410068012018,1
080410068012019,1
080410068022000,1
080410068022001,1
080410068022002,1
080410068022003,1
080410068022004,1
080410068022005,1
080410068022006,1
080410068022007,1
080410068022008,1
080410068022009,1
080410068022010,1
080410068022011,1
080410068022012,1
080410068022013,1
080410068022014,1
080410068022015,1
080410068022016,1
080410068022017,1
080410068022018,1
080410068022019,1
080410068022020,1
080410068022021,1
080410039052036,1
080410039052037,1
080410068011001,1
080410068011002,1
080410068011003,1
080410068011004,1
080410068011006,1
080410068011007,1
080410068011008,1
080410068011009,1
080410068011010,1
080410068011011,1
080410068011012,1
080410068011013,1
080410068011014,1
080410068011015,1
080410068011016,1
080410068011017,1
080410068011018,1
080410068011019,1
080410069022009,1
080410069022010,1
080410069022011,1
080410069022012,1
080410069022002,1
080410069022003,1
080410069022004,1
080410069022005,1
080410069022006,1
080410069022007,1
080410069022008,1
080410069023000,1
080410069023001,1
080410069023002,1
080410069023003,1
080410069023004,1
080410069023005,1
080410069023006,1
080410069023007,1
080410069023008,1
080410069023009,1
080410069023010,1
080410039061000,1
080410039064001,1
080410070003004,1
080410070003005,1
080410070003006,1
080410070003007,1
080410070003008,1
080410070003009,1
080410070003010,1
080410070003011,1
080410070003012,1
080410070003013,1
080410070003014,1
080410070003015,1
080410070003016,1
080410070003017,1
080410070003018,1
080410070003026,1
080410070003027,1
080410071041012,1
080410071041013,1
080410071041014,1
080410071041015,1
080410071041016,1
080410071041017,1
080410071041018,1
080410071041019,1
080410071041020,1
080410071041021,1
080410071041022,1
080410071042015,1
080410071042016,1
080410071042017,1
080410071042018,1
080410071042019,1
080410071042022,1
080410039064000,1
080410070003000,1
080410070003001,1
080410070003002,1
080410070003003,1
080410070003019,1
080410070003020,1
080410070003021,1
080410070003022,1
080410070003023,1
080410070003024,1
080410070003025,1
080410070003028,1
080410071033017,1
080410071041002,1
080410071041003,1
080410071041004,1
080410071041005,1
080410071041006,1
080410071041007,1
080410071041008,1
080410071041009,1
080410071041010,1
080410071041011,1
080410071041026,1
080410039101000,1
080410039101001,1
080410039101002,1
080410039101003,1
080410039101004,1
080410039101005,1
080410039101007,1
080410039101008,1
080410039101009,1
080410039101010,1
080410039101011,1
080410039101012,1
080410039101013,1
080410039101016,1
080410039101023,1
080410039101024,1
080410039101025,1
080410039101026,1
080410039101027,1
080410039101028,1
080410039101034,1
080410039102011,1
080410039102012,1
080410039102013,1
080410039102014,1
080410039102015,1
080410039102016,1
080410039102017,1
080410039102063,1
080410046023007,1
080410046023009,1
080410046023015,1
080410046023016,1
080410046023017,1
080410046023018,1
080410046023019,1
080410046023020,1
080410046023021,1
080410039101014,1
080410039101015,1
080410039101017,1
080410039101018,1
080410039101019,1
080410039101020,1
080410039101021,1
080410039101022,1
080410039101029,1
080410039101030,1
080410039101031,1
080410039101032,1
080410039101033,1
080410039101035,1
080410039101036,1
080410039101037,1
080410039101038,1
080410039111022,1
080410039111028,1
080410039111029,1
080410039111031,1
080410039111032,1
080410039112000,1
080410039112001,1
080410039112002,1
080410039112003,1
080410039112004,1
080410039112005,1
080410039112006,1
080410039112007,1
080410039112008,1
080410039112009,1
080410039112010,1
080410039112011,1
080410039112012,1
080410039112013,1
080410039112014,1
080410039112015,1
080410039112016,1
080410039112017,1
080410039143001,1
080410046011001,1
080410046011002,1
080410046012000,1
080410046012001,1
080410046012002,1
080410046012003,1
080410046012004,1
080410046012005,1
080410046012006,1
080410046023022,1
080410046023023,1
080410039101006,1
080410039111000,1
080410039111005,1
080410039111007,1
080410039111008,1
080410039111011,1
080410039111012,1
080410039111013,1
080410039111014,1
080410039111015,1
080410039111016,1
080410039111023,1
080410039111024,1
080410039111025,1
080410039111026,1
080410039111027,1
080410039114003,1
080410039114004,1
080410039114005,1
080410039114006,1
080410039114007,1
080410039114008,1
080410039114009,1
080410039114010,1
080410039114011,1
080410039114012,1
080410039114014,1
080410039114015,1
080410039114016,1
080410039114017,1
080410039114018,1
080410039114019,1
080410039114020,1
080410039114021,1
080410039114022,1
080410039114023,1
080410039114024,1
080410039114025,1
080410039114026,1
080410039114027,1
080410039114028,1
080410039114029,1
080410039114030,1
080410039114031,1
080410039114032,1
080410039114033,1
080410039114034,1
080410039114035,1
080410039114036,1
080410039114037,1
080410039114038,1
080410039114039,1
080410039114040,1
080410039114041,1
080410039114042,1
080410039114043,1
080410039114044,1
080410039114045,1
080410039114046,1
080410039114047,1
080410039114048,1
080410039114049,1
080410039114050,1
080410039114051,1
080410039114052,1
080410039114053,1
080410039114054,1
080410039114055,1
080410039114056,1
080410039114057,1
080410039114058,1
080410039114059,1
080410039114060,1
080410039114061,1
080410039114062,1
080410039114063,1
080410039114064,1
080410039114065,1
080410039114066,1
080410039114067,1
080410039114068,1
080410039114069,1
080410039114070,1
080410039114071,1
080410039142000,1
080410039142001,1
080410039142002,1
080410039142003,1
080410039142014,1
080410039143000,1
080410039143031,1
080410039143032,1
080410039143033,1
080410039143034,1
080410039102000,1
080410039102001,1
080410039102002,1
080410039102003,1
080410039102004,1
080410039102005,1
080410039102006,1
080410039102007,1
080410039102008,1
080410039102009,1
080410039102010,1
080410039102018,1
080410039102019,1
080410039102020,1
080410039102021,1
080410039102022,1
080410039102023,1
080410039102024,1
080410039102025,1
080410039102026,1
080410039102027,1
080410039102028,1
080410039102029,1
080410039102030,1
080410039102031,1
080410039102032,1
080410039102033,1
080410039102034,1
080410039102035,1
080410039102043,1
080410039102044,1
080410039102045,1
080410039102046,1
080410039102047,1
080410039102048,1
080410039102049,1
080410039102050,1
080410039102051,1
080410039102052,1
080410039102053,1
080410039102054,1
080410039102055,1
080410039102056,1
080410039102057,1
080410039102058,1
080410039102059,1
080410039102060,1
080410039102061,1
080410039102062,1
080410039114000,1
080410039114001,1
080410039114002,1
080410039114013,1
080410039102036,2
080410039102037,2
080410039102038,2
080410039102039,2
080410039102040,2
080410039102041,2
080410039102042,2
080410039102064,2
080410046021000,2
080410046021001,2
080410046021002,2
080410046021003,2
080410046021004,2
080410046021005,2
080410046021006,2
080410046021017,2
080410046021018,2
080410046021019,2
080410046021020,2
080410046021023,2
080410046021024,2
080410046021025,2
080410046021034,2
080410046021035,2
080410046021036,2
080410046021037,2
080410046021038,2
080410046021039,2
080410046021040,2
080410046021041,2
080410046021042,2
080410046021043,2
080410046021044,2
080410046021045,2
080410046021046,2
080410046021049,2
080410046021050,2
080410046021051,2
080410046021052,2
080410046021053,2
080410046021054,2
080410046021055,2
080410046021056,2
080410046021057,2
080410046021058,2
080410046021060,2
080410046021061,2
080410046021062,2
080410046021063,2
080410046021064,2
080410046021065,2
080410046021066,2
080410046021067,2
080410046021068,2
080410046021079,2
080410046021089,2
080410046021090,2
080410046021091,2
080410046023000,2
080410046023001,2
080410046023002,2
080410046023003,2
080410046023004,2
080410046023005,2
080410046023006,2
080410046023008,2
080410046023010,2
080410046023011,2
080410046023012,2
080410046023013,2
080410046023014,2
080410046023028,2
080410046023029,2
080410046023030,2
080410046023031,2
080410046023032,2
080410046023033,2
080410046023034,2
080410046023035,2
080410046023037,2
080410046023038,2
080410046023039,2
080410046023040,2
080410046023041,2
080410046023048,2
080410046023049,2
080410046023050,2
080410046023051,2
080410046023057,2
080410046023058,2
080410046023059,2
080410046023060,2
080410046023061,2
080410046023062,2
080410046023063,2
080410046023064,2
080410046023065,2
080410046023068,2
080410046023069,2
080410039111001,1
080410039111002,1
080410039111003,1
080410039111004,1
080410039111006,1
080410039111009,1
080410039111010,1
080410039111017,1
080410039111018,1
080410039111019,1
080410039111020,1
080410039111021,1
080410039111030,1
080410039113000,1
080410039113001,1
080410039113002,1
080410039113003,1
080410039113004,1
080410039113005,1
080410039113006,1
080410039113007,1
080410039113008,1
080410039113009,1
080410039113010,1
080410039113011,1
080410039113012,1
080410039113013,1
080410039113014,1
080410039113015,1
080410039113016,1
080410039113017,1
080410039113018,1
080410039113019,1
080410039113020,1
080410039113021,1
080410039113022,1
080410039113023,1
080410039113024,1
080410039113025,1
080410039113026,1
080410039113027,1
080410039113028,1
080410039121000,2
080410039121001,2
080410039121002,2
080410039121003,2
080410039121004,2
080410039121005,2
080410039121006,2
080410039121007,2
080410039121008,2
080410039121009,2
080410039121010,2
080410039121011,2
080410039121012,2
080410039121013,2
080410039121014,2
080410039121015,2
080410039121016,2
080410039121017,2
080410039121018,2
080410039121019,2
080410039121020,2
080410039121021,2
080410039121022,2
080410039121023,2
080410039121024,2
080410039121025,2
080410039121026,2
080410039121027,2
080410039121028,2
080410039121029,2
080410039121030,2
080410039121031,2
080410039121032,2
080410039121033,2
080410039123000,2
080410039123001,2
080410039141006,2
080410039141007,2
080410039141010,2
080410039141011,2
080410039141012,2
080410039141013,2
080410039141014,2
080410039141015,2
080410039141016,2
080410039141017,2
080410039141018,2
080410039141021,2
080410039141022,2
080410039141023,2
080410039141024,2
080410039141025,2
080410039143030,2
080410039122000,2
080410039122001,2
080410039122002,2
080410039122003,2
080410039122012,2
080410039122013,2
080410039122014,2
080410039122015,2
080410039122016,2
080410039122033,2
080410039122034,2
080410039122035,2
080410039122036,2
080410039123016,2
080410039123017,2
080410039123018,2
080410039123019,2
080410039123020,2
080410039123021,2
080410039123022,2
080410039123023,2
080410039123024,2
080410039123025,2
080410039123026,2
080410039123027,2
080410039123028,2
080410039123029,2
080410039123033,2
080410039123039,2
080410039122004,2
080410039122005,2
080410039122006,2
080410039122007,2
080410039122023,2
080410039122024,2
080410039122025,2
080410039122026,2
080410039122027,2
080410051222000,2
080410051222001,2
080410051222002,2
080410051222003,2
080410051222004,2
080410051222005,2
080410051222006,2
080410051222007,2
080410051222008,2
080410051222009,2
080410051222010,2
080410051222011,2
080410051222012,2
080410051222013,2
080410051222014,2
080410051222015,2
080410051222016,2
080410051222017,2
080410051222018,2
080410051222019,2
080410051222020,2
080410051222021,2
080410051222022,2
080410051222023,2
080410039122008,2
080410039122009,2
080410039122010,2
080410039122011,2
080410039122017,2
080410039122018,2
080410039122019,2
080410039122020,2
080410039122021,2
080410039122022,2
080410039122028,2
080410039122029,2
080410039122030,2
080410039122031,2
080410039122032,2
080410039123002,2
080410039123003,2
080410039123004,2
080410039123005,2
080410039123006,2
080410039123007,2
080410039123008,2
080410039123009,2
080410039123010,2
080410039123011,2
080410039123012,2
080410039123013,2
080410039123014,2
080410039123015,2
080410039123030,2
080410039123031,2
080410039123032,2
080410039123034,2
080410039123035,2
080410039123036,2
080410039123037,2
080410039123038,2
080410039131000,1
080410039131001,1
080410039131002,1
080410039131003,1
080410039131004,1
080410039131005,1
080410039131006,1
080410039131007,1
080410039131011,1
080410039131012,1
080410039131013,1
080410039131014,1
080410039131015,1
080410039131016,1
080410039131017,1
080410039131018,1
080410039131019,1
080410039131020,1
080410039131021,1
080410039142004,1
080410039142005,1
080410039142006,1
080410039142007,1
080410039142008,1
080410075021000,1
080410075021001,1
080410075021002,1
080410075021003,1
080410075021004,1
080410075021005,1
080410075021019,1
080410075021020,1
080410075021021,1
080410075021031,1
080410075021035,1
080410075021036,1
080410075021037,1
080410075021041,1
080410076021000,1
080410076021001,1
080410076021003,1
080410076021024,1
080410039131008,1
080410039131009,1
080410039131010,1
080410039131022,1
080410039131023,1
080410039131024,1
080410039141000,2
080410039141001,2
080410039141002,2
080410039141003,2
080410039141004,2
080410039141005,2
080410039141008,2
080410039141009,2
080410039141019,2
080410039142024,2
080410039143011,2
080410039143012,2
080410039143013,2
080410039143014,2
080410039143015,2
080410039143016,2
080410039143017,2
080410039143019,2
080410039143020,2
080410039143021,2
080410039143022,2
080410039143023,2
080410039143024,2
080410039143025,2
080410039143026,2
080410039143027,2
080410039143028,2
080410039143029,2
080410039143036,2
080410039143037,2
080410039143038,2
080410039141020,2
080410039143003,2
080410039143004,2
080410039143005,2
080410039143006,2
080410039143007,2
080410039143008,2
080410039143009,2
080410039143010,2
080410039143035,2
080410039143039,2
080410039143040,2
080410039143041,2
080410039143042,2
080410039143043,2
080410039143044,2
080410039143045,2
080410039143046,2
080410039143047,2
080410039142009,1
080410039142010,1
080410039142011,1
080410039142012,1
080410039142013,1
080410039142015,1
080410039142016,1
080410039142017,1
080410039142018,1
080410039142019,1
080410039142020,1
080410039142021,1
080410039142022,1
080410039142023,1
080410039143002,1
080410039143018,1
080410076021014,1
080410076021017,1
080410076021018,1
080410076021019,1
080410076021020,1
080410076021021,1
080410076021022,1
080410076021023,1
080410076021025,1
080410076021026,1
080410076021027,1
080410076021029,1
080410040081000,4
080410040081002,4
080410040081003,4
080410040081004,4
080410040081007,4
080410040081008,4
080410040081009,4
080410040081010,4
080410040081011,4
080410040081012,4
080410040081013,4
080410040081014,4
080410040081015,4
080410040081016,4
080410040081017,4
080410040081018,4
080410040081019,4
080410040081020,4
080410040081021,4
080410040081022,4
080410040081023,4
080410040081024,4
080410040081025,4
080410040081026,4
080410040081027,4
080410040081030,4
080410040081031,4
080410040081032,4
080410040081033,4
080410040081034,4
080410040081035,4
080410040081036,4
080410040081037,4
080410040081038,4
080410040081039,4
080410040081040,4
080410040081041,4
080410040081042,4
080410040081043,4
080410040081044,4
080410040081045,4
080410040081046,4
080410040081047,4
080410040081048,4
080410040081049,4
080410040081050,4
080410040081052,4
080410040081053,4
080410040081054,4
080410040081055,4
080410040082000,4
080410040082001,4
080410040082002,4
080410040082003,4
080410040082004,4
080410040082005,4
080410040082006,4
080410040082007,4
080410040082008,4
080410040082009,4
080410040082010,4
080410040082011,4
080410040082012,4
080410040082013,4
080410040082014,4
080410040082015,4
080410040082016,4
080410040082017,4
080410040082018,4
080410040082019,4
080410040082021,4
080410040082022,4
080410040082023,4
080410040082024,4
080410040082025,4
080410040082026,4
080410040082027,4
080410040082028,4
080410040082029,4
080410040082030,4
080410040082031,4
080410040082032,4
080410040082033,4
080410040082034,4
080410040082035,4
080410040082036,4
080410040082037,4
080410040082038,4
080410040082039,4
080410040082040,4
080410040082041,4
080410040082042,4
080410040082043,4
080410040082044,4
080410040082045,4
080410040082046,4
080410040082047,4
080410040082048,4
080410040082049,4
080410040082050,4
080410040082051,4
080410040082052,4
080410040082053,4
080410040082054,4
080410040082055,4
080410040082056,4
080410040082057,4
080410040082058,4
080410040082059,4
080410040082060,4
080410040082061,4
080410040082062,4
080410040082063,4
080410040082064,4
080410040082065,4
080410040082066,4
080410040082067,4
080410040082068,4
080410040082069,4
080410045181000,4
080410045181001,4
080410045181002,4
080410045181036,4
080410040081001,4
080410040081005,4
080410040081006,4
080410040081028,4
080410040081029,4
080410040081051,4
080410040091000,4
080410040091001,4
080410040091002,4
080410040091003,4
080410040091004,4
080410040091005,4
080410040091006,4
080410040091007,4
080410040091008,4
080410040091009,4
080410040091010,4
080410040091011,4
080410040091012,4
080410040091013,4
080410040091014,4
080410040091015,4
080410040091016,4
080410040091017,4
080410040091018,4
080410064004000,4
080410064004001,4
080410064004002,4
080410064004003,4
080410064004004,4
080410064004005,4
080410064004006,4
080410064004007,4
080410064004008,4
080410064004009,4
080410064004010,4
080410064004011,4
080410064004012,4
080410064004013,4
080410064004014,4
080410064004015,4
080410064004016,4
080410064004017,4
080410065021000,4
080410065021001,4
080410065021002,4
080410065021003,4
080410065021004,4
080410065024016,4
080410065024017,4
080410065024018,4
080410041001000,2
080410041001001,2
080410041001002,2
080410041001003,2
080410041001004,2
080410041001005,2
080410041001006,2
080410041001007,2
080410041001008,2
080410041001009,2
080410041001010,2
080410041001011,2
080410041001012,2
080410041001013,2
080410041001014,2
080410041001015,2
080410041001016,2
080410041001017,2
080410041001018,2
080410041002000,2
080410041002001,2
080410041002002,2
080410041002003,2
080410041002004,2
080410041002005,2
080410041002006,2
080410041002007,2
080410041002011,2
080410041002012,2
080410041002013,2
080410041004000,2
080410041004001,2
080410041004002,2
080410041004003,2
080410041004004,2
080410041004005,2
080410041004006,2
080410041004007,2
080410045021041,2
080410041002008,2
080410041002009,2
080410041002010,2
080410041002014,2
080410041003000,2
080410041003001,2
080410041003002,2
080410041003003,2
080410041003004,2
080410041003005,2
080410041003006,2
080410041003007,2
080410041003008,2
080410041003009,2
080410041003010,2
080410041003011,2
080410041003012,2
080410041004008,2
080410041004009,2
080410041004010,2
080410041004011,2
080410041004012,2
080410041004013,2
080410041004014,2
080410041004015,2
080410041004016,2
080410041004017,2
080410041004018,2
080410042001000,2
080410042001002,2
080410042001003,2
080410042001004,2
080410042001005,2
080410042001006,2
080410042001007,2
080410042001008,2
080410042001009,2
080410042001010,2
080410042001011,2
080410042001012,2
080410043002002,2
080410043002009,2
080410043002010,2
080410042001001,2
080410042001013,2
080410042001014,2
080410042001015,2
080410043001001,2
080410043001002,2
080410043001003,2
080410043001004,2
080410043001005,2
080410043001006,2
080410043001009,2
080410043001012,2
080410043002000,2
080410043002001,2
080410043002005,2
080410043003000,2
080410043003001,2
080410043003002,2
080410043003003,2
080410043003004,2
080410043003005,2
080410043003006,2
080410043003007,2
080410043003008,2
080410043003009,2
080410043003010,2
080410043003011,2
080410043003012,2
080410043003013,2
080410043003014,2
080410043003015,2
080410043003016,2
080410043003017,2
080410043003018,2
080410043003019,2
080410043003020,2
080410043003021,2
080410043003022,2
080410043003023,2
080410043003024,2
080410043003025,2
080410043003026,2
080410043003027,2
080410043003028,2
080410045023026,2
080410042002000,2
080410042002001,2
080410042002002,2
080410042002003,2
080410042002004,2
080410042002005,2
080410042002006,2
080410042002007,2
080410042002008,2
080410042002009,2
080410042002010,2
080410042002011,2
080410042002012,2
080410042002013,2
080410042002014,2
080410042002015,2
080410042002016,2
080410042002017,2
080410042003000,2
080410042003001,2
080410042003002,2
080410042003003,2
080410042003004,2
080410042003005,2
080410042003006,2
080410042003007,2
080410042003008,2
080410042003009,2
080410042003010,2
080410042003011,2
080410042003012,2
080410042003013,2
080410042003014,2
080410042003015,2
080410042003016,2
080410042003017,2
080410042003018,2
080410042003019,2
080410042003020,2
080410042003021,2
080410042003022,2
080410042003023,2
080410042003024,2
080410042003025,2
080410042003026,2
080410042003027,2
080410045021040,2
080410045022035,2
080410045022036,2
080410045022037,2
080410045022039,2
080410043001000,2
080410043001011,2
080410043001013,2
080410043001014,2
080410043001015,2
080410043001016,2
080410043001017,2
080410043001018,2
080410043001019,2
080410043001020,2
080410043001021,2
080410043001022,2
080410043002016,2
080410043002017,2
080410043002018,2
080410043002022,2
080410043002023,2
080410043002024,2
080410043002025,2
080410043004000,2
080410043004001,2
080410043004002,2
080410043004003,2
080410043004004,2
080410043004005,2
080410043004006,2
080410043004007,2
080410043001007,2
080410043001008,2
080410043001010,2
080410043002003,2
080410043002004,2
080410043002006,2
080410043002007,2
080410043002008,2
080410043002011,2
080410043002012,2
080410043002013,2
080410043002014,2
080410043002015,2
080410043002019,2
080410043002020,2
080410043002021,2
080410044023033,2
080410044031000,2
080410044031001,2
080410044031002,2
080410044031003,2
080410044031004,2
080410044031005,2
080410044031006,2
080410044031007,2
080410044031008,2
080410044031009,2
080410044031010,2
080410044031011,2
080410044031012,2
080410044031013,2
080410044031014,2
080410044031015,2
080410044031016,2
080410044031017,2
080410044031018,2
080410044031019,2
080410044031020,2
080410044031021,2
080410044031022,2
080410044031023,2
080410044031024,2
080410044031025,2
080410044031026,2
080410044031027,2
080410044031028,2
080410044031029,2
080410044031030,2
080410044031031,2
080410044031032,2
080410044031033,2
080410044031034,2
080410044031035,2
080410044031036,2
080410044031037,2
080410044031038,2
080410044031039,2
080410044031040,2
080410044031041,2
080410044031042,2
080410044031043,2
080410044031044,2
080410044031045,2
080410044031046,2
080410044031047,2
080410044031048,2
080410044031049,2
080410044031050,2
080410044031051,2
080410044031052,2
080410044031053,2
080410044031054,2
080410044031055,2
080410044031056,2
080410044031057,2
080410044031058,2
080410044031059,2
080410044031060,2
080410044031061,2
080410044031062,2
080410044031063,2
080410044031064,2
080410044031065,2
080410044031066,2
080410044031067,2
080410044031068,2
080410044031069,2
080410044031070,2
080410044031071,2
080410044031072,2
080410044031073,2
080410044031074,2
080410044031075,2
080410044031076,2
080410044031077,2
080410044031078,2
080410044031079,2
080410044031080,2
080410044031081,2
080410044031082,2
080410044031083,2
080410044031084,2
080410044031085,2
080410044031086,2
080410044031087,2
080410044031088,2
080410044031089,2
080410044031090,2
080410044031091,2
080410044031092,2
080410044031093,2
080410044031094,2
080410044031095,2
080410045133005,2
080410045133006,2
080410045133013,2
080410045133014,2
080410045133015,2
080410045133016,2
080410045133017,2
080410045133019,2
080410045133020,2
080410045133021,2
080410045133022,2
080410045133023,2
080410045133024,2
080410045133025,2
080410045133026,2
080410045133027,2
080410045133028,2
080410045133029,2
080410045133030,2
080410045133031,2
080410045161000,2
080410045161001,2
080410045161002,2
080410045161003,2
080410045161004,2
080410045161005,2
080410045161006,2
080410045161007,2
080410045161008,2
080410045161009,2
080410045161010,2
080410045161011,2
080410045161012,2
080410045161013,2
080410045161014,2
080410045161015,2
080410045161016,2
080410045161017,2
080410045161018,2
080410045161019,2
080410045161021,2
080410045161023,2
080410045161024,2
080410045161025,2
080410045161026,2
080410045161027,2
080410045161028,2
080410045161029,2
080410045161030,2
080410045161031,2
080410045161032,2
080410045161033,2
080410045161034,2
080410045161035,2
080410045161036,2
080410045161037,2
080410045161038,2
080410045161039,2
080410045161040,2
080410045161041,2
080410045161042,2
080410045161043,2
080410045161044,2
080410045161045,2
080410045161046,2
080410045161047,2
080410045161048,2
080410045161049,2
080410045161050,2
080410045161051,2
080410045161052,2
080410045161053,2
080410045161054,2
080410045161055,2
080410045161056,2
080410045161057,2
080410045161058,2
080410045161059,2
080410045161060,2
080410045161061,2
080410045161062,2
080410045161063,2
080410045161064,2
080410045161065,2
080410045161066,2
080410045161067,2
080410045161068,2
080410045161069,2
080410045162029,2
080410045162030,2
080410045162031,2
080410045162032,2
080410045162033,2
080410045162035,2
080410045162036,2
080410045162037,2
080410045162038,2
080410045162039,2
080410045162048,2
080410045162049,2
080410045162050,2
080410045162051,2
080410045162052,2
080410045162053,2
080410045162060,2
080410045162061,2
080410045162062,2
080410045162064,2
080410045162065,2
080410045162066,2
080410045162067,2
080410045162068,2
080410045162069,2
080410045162070,2
080410045162072,2
080410045162073,2
080410045162074,2
080410045162075,2
080410045162076,2
080410045162077,2
080410045162078,2
080410045162079,2
080410045162080,2
080410045162081,2
080410045162082,2
080410045162083,2
080410045162084,2
080410045172020,2
080410045013000,2
080410045013001,2
080410045013003,2
080410045013015,2
080410045013020,2
080410045013021,2
080410045013022,2
080410045013023,2
080410045013024,2
080410045013025,2
080410045013026,2
080410045013027,2
080410045013028,2
080410045013029,2
080410045013030,2
080410045013031,2
080410045013032,2
080410045013033,2
080410045013034,2
080410045013035,2
080410045013036,2
080410045013037,2
080410045013038,2
080410045013039,2
080410045013040,2
080410045013041,2
080410045013042,2
080410045013043,2
080410045063011,2
080410045063014,2
080410045063015,2
080410045063016,2
080410045063018,2
080410045063019,2
080410045073005,2
080410045073008,2
080410045073015,2
080410045073019,2
080410045073020,2
080410045122000,2
080410045122001,2
080410045122002,2
080410045122003,2
080410045122004,2
080410045122005,2
080410045131000,2
080410045131001,2
080410045131002,2
080410045131003,2
080410045131004,2
080410045131005,2
080410045131006,2
080410045131007,2
080410045131008,2
080410045131009,2
080410045131010,2
080410045131011,2
080410045131012,2
080410045131013,2
080410045131014,2
080410045131015,2
080410045131016,2
080410045131017,2
080410045131018,2
080410045132000,2
080410045132001,2
080410045132002,2
080410045132003,2
080410045132004,2
080410045132005,2
080410045132006,2
080410045132007,2
080410045133000,2
080410045133001,2
080410045133002,2
080410045133003,2
080410045133004,2
080410045133007,2
080410045133010,2
080410045193002,2
080410045193003,2
080410045193004,2
080410045193005,2
080410045193006,2
080410045193007,2
080410045193008,2
080410045193009,2
080410045193010,2
080410045193011,2
080410045193012,2
080410045193013,2
080410045193014,2
080410045193015,2
080410045193016,2
080410045193017,2
080410045194000,2
080410045194001,2
080410045194002,2
080410045194003,2
080410045194004,2
080410045194005,2
080410045194006,2
080410045194007,2
080410045194008,2
080410045194009,2
080410045194010,2
080410045194011,2
080410045194012,2
080410045194013,2
080410045194014,2
080410045194015,2
080410045194016,2
080410045194017,2
080410045194018,2
080410045062000,2
080410045062001,2
080410045062002,2
080410045062003,2
080410045062005,2
080410045062006,2
080410045064000,2
080410045064001,2
080410045064002,2
080410045064003,2
080410045064004,2
080410045072003,2
080410045073006,2
080410045073007,2
080410045073010,2
080410045073011,2
080410045073012,2
080410045073013,2
080410045073014,2
080410045073016,2
080410045073023,2
080410045162034,2
080410045162041,2
080410045162042,2
080410045162043,2
080410045162044,2
080410045162045,2
080410045162046,2
080410045162047,2
080410045162054,2
080410045162055,2
080410045162056,2
080410045162057,2
080410045162058,2
080410045162059,2
080410045162063,2
080410045162071,2
080410045172019,2
080410045121005,2
080410045121006,2
080410045122006,2
080410045122007,2
080410045132008,2
080410045132009,2
080410045132010,2
080410045132011,2
080410045132012,2
080410045132013,2
080410045132014,2
080410045132015,2
080410045132016,2
080410045132017,2
080410045132018,2
080410045132019,2
080410045132024,2
080410045132025,2
080410045132026,2
080410045132027,2
080410045132028,2
080410045132029,2
080410045132030,2
080410045132031,2
080410045132032,2
080410045132033,2
080410045132034,2
080410045132035,2
080410045132036,2
080410045132037,2
080410045133008,2
080410045133009,2
080410045133011,2
080410045133012,2
080410045133018,2
080410045151029,2
080410045151030,2
080410045151031,2
080410045151032,2
080410045151033,2
080410045151034,2
080410045162008,2
080410045162009,2
080410045162010,2
080410045162011,2
080410045012000,2
080410045012001,2
080410045012002,2
080410045012003,2
080410045012004,2
080410045012008,2
080410045012010,2
080410045012011,2
080410045012012,2
080410045012013,2
080410045012014,2
080410045012015,2
080410045012017,2
080410045012018,2
080410045012019,2
080410045012029,2
080410045012030,2
080410045012040,2
080410045012041,2
080410045012048,2
080410045012049,2
080410045012053,2
080410045012056,2
080410045013004,2
080410045013005,2
080410045013006,2
080410045013007,2
080410045013008,2
080410045013009,2
080410045013010,2
080410045013011,2
080410045013012,2
080410045013013,2
080410045013044,2
080410045021009,2
080410045021010,2
080410045021011,2
080410045021012,2
080410045021013,2
080410045021014,2
080410045021015,2
080410045021016,2
080410045021017,2
080410045021018,2
080410045021028,2
080410045021029,2
080410045021030,2
080410045021042,2
080410045021000,2
080410045022000,2
080410045022001,2
080410045022002,2
080410045022006,2
080410045022011,2
080410045022012,2
080410045022013,2
080410045022014,2
080410045022015,2
080410045022016,2
080410045022017,2
080410045022018,2
080410045022019,2
080410045022020,2
080410045022023,2
080410045022024,2
080410045022025,2
080410045022026,2
080410045022027,2
080410045022028,2
080410045022029,2
080410045022030,2
080410045022031,2
080410045022032,2
080410045022033,2
080410045022034,2
080410045022038,2
080410045023001,2
080410045023000,2
080410045023002,2
080410045023003,2
080410045023004,2
080410045023005,2
080410045023006,2
080410045023007,2
080410045023008,2
080410045023009,2
080410045023010,2
080410045023011,2
080410045023012,2
080410045023013,2
080410045023014,2
080410045023015,2
080410045023016,2
080410045023017,2
080410045023018,2
080410045023019,2
080410045023020,2
080410045023021,2
080410045023022,2
080410045023023,2
080410045023024,2
080410045023025,2
080410045023027,2
080410045023028,2
080410045023029,2
080410065022000,4
080410065022001,4
080410065022002,4
080410065022003,4
080410065022004,4
080410065022005,4
080410065022006,4
080410065022007,4
080410065022008,4
080410065022009,4
080410065022010,4
080410065022011,4
080410065022012,4
080410065022013,4
080410065022014,4
080410065022015,4
080410065022016,4
080410065022017,4
080410065022018,4
080410065022019,4
080410065022020,4
080410065023000,4
080410065023001,4
080410065023002,4
080410065023003,4
080410065023004,4
080410065023005,4
080410065023006,4
080410065023007,4
080410065023008,4
080410065023009,4
080410065023010,4
080410065023011,4
080410065023012,4
080410065023013,4
080410065023014,4
080410065023015,4
080410065023020,4
080410065023021,4
080410065023022,4
080410065023023,4
080410065023026,4
080410065023027,4
080410065023030,4
080410065023031,4
080410065023032,4
080410065023033,4
080410065023034,4
080410045021001,2
080410045021002,2
080410045021003,2
080410045021004,2
080410045021005,2
080410045021006,2
080410045021007,2
080410045021008,2
080410045021019,2
080410045021020,2
080410045021021,2
080410045021022,2
080410045021023,2
080410045021024,2
080410045021025,2
080410045021026,2
080410045021027,2
080410045021031,2
080410045021032,2
080410045021033,2
080410045021034,2
080410045021035,2
080410045021036,2
080410045021037,2
080410045021038,2
080410045021039,2
080410045022003,2
080410045022004,2
080410045022005,2
080410045022007,2
080410045022008,2
080410045022009,2
080410045022010,2
080410045022021,2
080410045022022,2
080410045061000,2
080410045061001,2
080410045061002,2
080410045061003,2
080410045061004,2
080410045061005,2
080410045061006,2
080410045061007,2
080410045061008,2
080410045061009,2
080410045061010,2
080410045061011,2
080410045061012,2
080410045061013,2
080410045061014,2
080410045061015,2
080410045061016,2
080410045061017,2
080410045061018,2
080410045061019,2
080410045061020,2
080410045061021,2
080410045061022,2
080410045061023,2
080410045061024,2
080410045061025,2
080410045061026,2
080410045061027,2
080410045062004,2
080410045063000,2
080410045063001,2
080410045063002,2
080410045063003,2
080410045063004,2
080410045063005,2
080410045063006,2
080410045063007,2
080410045063008,2
080410045063009,2
080410045063010,2
080410045063012,2
080410045063013,2
080410045063017,2
080410045073009,2
080410045071000,2
080410045071001,2
080410045071002,2
080410045071003,2
080410045071004,2
080410045071005,2
080410045071006,2
080410045072000,2
080410045072001,2
080410045072002,2
080410045072004,2
080410045072005,2
080410045073000,2
080410045073001,2
080410045073002,2
080410045073003,2
080410045073004,2
080410045073021,2
080410045073022,2
080410045073017,2
080410045073018,2
080410045181031,2
080410045181032,2
080410045182016,2
080410045182018,2
080410045182019,2
080410045182020,2
080410045182021,2
080410045182022,2
080410045182023,2
080410045182024,2
080410045182025,2
080410045182026,2
080410045182027,2
080410045182028,2
080410045182030,2
080410045182034,2
080410045182035,2
080410045191019,2
080410045191020,2
080410045191021,2
080410045191022,2
080410045191023,2
080410045191024,2
080410045191025,2
080410045191030,2
080410045191031,2
080410045191032,2
080410045191033,2
080410045191034,2
080410045192000,2
080410045192001,2
080410045192002,2
080410045192003,2
080410045192004,2
080410045192005,2
080410045192006,2
080410045192007,2
080410045192008,2
080410045192009,2
080410045192010,2
080410045193000,2
080410045193001,2
080410045193018,2
080410045193019,2
080410045193020,2
080410045193021,2
080410045193022,2
080410045193023,2
080410045191017,2
080410045191018,2
080410045201002,2
080410045201003,2
080410045201004,2
080410045201005,2
080410045202000,2
080410045202001,2
080410045202002,2
080410045202003,2
080410045202004,2
080410045121000,2
080410045121001,2
080410045121002,2
080410045121003,2
080410045121004,2
080410045122016,2
080410045122017,2
080410045122018,2
080410045122019,2
080410045141001,2
080410045141002,2
080410045141003,2
080410045141004,2
080410045141005,2
080410045141006,2
080410045141007,2
080410045141008,2
080410045141009,2
080410045141010,2
080410045141011,2
080410045141012,2
080410045141013,2
080410045141023,2
080410045142022,2
080410045142023,2
080410045122008,2
080410045122009,2
080410045122010,2
080410045122011,2
080410045122012,2
080410045122013,2
080410045122014,2
080410045122015,2
080410045142000,2
080410045142001,2
080410045142002,2
080410045142003,2
080410045142004,2
080410045142005,2
080410045142006,2
080410045142007,2
080410045142008,2
080410045142009,2
080410045142010,2
080410045142011,2
080410045142012,2
080410045142013,2
080410045142014,2
080410045142015,2
080410045142016,2
080410045142017,2
080410045142018,2
080410045142019,2
080410045142020,2
080410045142021,2
080410045132020,2
080410045132021,2
080410045132022,2
080410045132023,2
080410045132038,2
080410045132039,2
080410045132040,2
080410045132041,2
080410045132042,2
080410045132043,2
080410045132044,2
080410045132045,2
080410045132046,2
080410045151027,2
080410045151035,2
080410045162000,2
080410045162001,2
080410045162002,2
080410045162003,2
080410045162004,2
080410045162005,2
080410045162006,2
080410045162007,2
080410045162012,2
080410045162013,2
080410045162014,2
080410045162015,2
080410045162016,2
080410045162017,2
080410045162018,2
080410045162019,2
080410045162020,2
080410045162021,2
080410045162022,2
080410045162023,2
080410045162024,2
080410045162025,2
080410045162026,2
080410045162027,2
080410045162028,2
080410045162040,2
080410045171000,2
080410045171001,2
080410045171002,2
080410045171003,2
080410045171004,2
080410045171005,2
080410045171006,2
080410045171007,2
080410045171008,2
080410045171009,2
080410045171010,2
080410045171011,2
080410045171013,2
080410045171014,2
080410045141000,2
080410045141014,2
080410045141015,2
080410045141016,2
080410045141017,2
080410045141018,2
080410045141019,2
080410045141020,2
080410045141021,2
080410045141022,2
080410045151002,2
080410045151003,2
080410045151004,2
080410045151005,2
080410045151006,2
080410045151007,2
080410045151008,2
080410045151009,2
080410045151010,2
080410045151011,2
080410045151012,2
080410045151013,2
080410045151014,2
080410045151016,2
080410045151018,2
080410045151019,2
080410045151020,2
080410045151021,2
080410045151022,2
080410045151028,2
080410045151036,2
080410045172000,2
080410045172002,2
080410045172003,2
080410046022037,2
080410046022038,2
080410045161020,2
080410045161022,2
080410045172001,2
080410045172015,2
080410045172016,2
080410045172017,2
080410045172018,2
080410045172022,2
080410045172028,2
080410045172030,2
080410045172031,2
080410045172032,2
080410045172033,2
080410045172034,2
080410045172035,2
080410045172036,2
080410045172037,2
080410045172038,2
080410045172039,2
080410046021074,2
080410046021081,2
080410046021082,2
080410046021083,2
080410046021084,2
080410046021085,2
080410046022012,2
080410046022013,2
080410046022017,2
080410046022018,2
080410046022019,2
080410046022020,2
080410046022021,2
080410046022022,2
080410046022023,2
080410046022024,2
080410046022025,2
080410046022026,2
080410046022027,2
080410046022028,2
080410046022029,2
080410046022030,2
080410046022031,2
080410046022032,2
080410046022033,2
080410046022034,2
080410046022035,2
080410046022036,2
080410046022039,2
080410046022040,2
080410046022041,2
080410046022042,2
080410046022043,2
080410046022044,2
080410046022045,2
080410046022046,2
080410046022047,2
080410046022048,2
080410046022049,2
080410046022050,2
080410046022051,2
080410046022052,2
080410046022053,2
080410046022054,2
080410046022055,2
080410046022056,2
080410046022057,2
080410046022058,2
080410046022059,2
080410046022089,2
080410046022090,2
080410046031042,2
080410046031043,2
080410046031044,2
080410046031045,2
080410046031048,2
080410046033062,2
080410046033063,2
080410046033064,2
080410045151000,2
080410045151001,2
080410045152043,2
080410046033054,2
080410045152035,2
080410045152036,2
080410045152037,2
080410045152038,2
080410045152039,2
080410045152040,2
080410045152041,2
080410045152042,2
080410045181006,2
080410045181007,2
080410045181010,2
080410045181011,2
080410045181014,2
080410045181015,2
080410045181018,2
080410045181019,2
080410045181020,2
080410045181021,2
080410045181022,2
080410045181024,2
080410045181025,2
080410045181026,2
080410045181027,2
080410045181035,2
080410045182031,2
080410045183015,2
080410045183016,2
080410045183017,2
080410046033055,2
080410046033056,2
080410046033057,2
080410046033058,2
080410045151015,2
080410045151017,2
080410045151024,2
080410045151025,2
080410045151026,2
080410045171012,2
080410045171015,2
080410045171016,2
080410045173000,2
080410045173001,2
080410045173002,2
080410045173003,2
080410045173004,2
080410045173005,2
080410045173006,2
080410045173007,2
080410045173008,2
080410045173009,2
080410045174000,2
080410045174001,2
080410045174002,2
080410045174003,2
080410045174004,2
080410045174005,2
080410045174006,2
080410045174007,2
080410045151023,2
080410045172004,2
080410045172005,2
080410045172006,2
080410045172007,2
080410045172008,2
080410045172009,2
080410045172010,2
080410045172011,2
080410045172012,2
080410045172013,2
080410045172014,2
080410045172021,2
080410045172023,2
080410045172024,2
080410045172025,2
080410045172026,2
080410045172027,2
080410045172029,2
080410045172040,2
080410045174008,2
080410045174009,2
080410045174010,2
080410045174011,2
080410045174012,2
080410045174013,2
080410045174014,2
080410045174015,2
080410045174016,2
080410045174017,2
080410045174018,2
080410045174019,2
080410045174020,2
080410045174021,2
080410045174022,2
080410045174023,2
080410045152000,2
080410045152001,2
080410045152002,2
080410045152003,2
080410045152004,2
080410045152005,2
080410045152007,2
080410045152008,2
080410045181004,2
080410045181028,2
080410045181029,2
080410045181030,2
080410046033021,2
080410046033022,2
080410046033023,2
080410046033025,2
080410046033026,2
080410046033027,2
080410046033028,2
080410046033029,2
080410046033030,2
080410046033031,2
080410046033034,2
080410046033035,2
080410046033036,2
080410046033037,2
080410046033038,2
080410046033039,2
080410046033045,2
080410046033046,2
080410046033047,2
080410046033081,2
080410046033082,2
080410046033083,2
080410046033084,2
080410045152006,2
080410045152009,2
080410045152010,2
080410045152011,2
080410045152012,2
080410045152013,2
080410045152014,2
080410045152015,2
080410045152016,2
080410045152017,2
080410045152018,2
080410045152019,2
080410045152020,2
080410045152021,2
080410045152022,2
080410045152023,2
080410045152024,2
080410045152025,2
080410045152026,2
080410045152044,2
080410045152045,2
080410046033018,2
080410046033020,2
080410046033024,2
080410046033032,2
080410046033033,2
080410045152027,2
080410045152028,2
080410045152029,2
080410045152030,2
080410045152031,2
080410045152032,2
080410045152033,2
080410045152034,2
080410045181003,4
080410045181005,4
080410046032000,4
080410046032001,4
080410046032002,4
080410046032003,4
080410046032004,4
080410046032005,4
080410046032006,4
080410046032007,4
080410046032008,4
080410046032009,4
080410046032010,4
080410046032011,4
080410046032012,4
080410046032013,4
080410046032014,4
080410046032015,4
080410046032016,4
080410046032017,4
080410046032018,4
080410046032019,4
080410046032020,4
080410046032021,4
080410046032022,4
080410046032023,4
080410046032024,4
080410046033001,4
080410046033003,4
080410046033004,4
080410046033005,4
080410046033006,4
080410046033008,4
080410046033009,4
080410046033010,4
080410046033011,4
080410046033012,4
080410046033013,4
080410046033014,4
080410046033015,4
080410046033016,4
080410046033017,4
080410046033040,4
080410046033041,4
080410046033042,4
080410046033043,4
080410046033044,4
080410046033066,4
080410046033067,4
080410046033068,4
080410046033069,4
080410046033070,4
080410046033071,4
080410046033072,4
080410046033073,4
080410046033074,4
080410046033075,4
080410046033076,4
080410046033077,4
080410046033078,4
080410046033079,4
080410046033080,4
080410045181008,2
080410045181009,2
080410045181012,2
080410045181013,2
080410045181016,2
080410045181017,2
080410045181023,2
080410045181033,2
080410045181034,2
080410045182009,2
080410045182010,2
080410045182017,2
080410045182029,2
080410045183000,2
080410045183001,2
080410045183002,2
080410045183003,2
080410045183004,2
080410045183005,2
080410045183006,2
080410045183007,2
080410045183008,2
080410045183009,2
080410045183010,2
080410045183011,2
080410045183012,2
080410045183013,2
080410045183014,2
080410045183018,2
080410045191000,2
080410045191001,2
080410045191002,2
080410045191003,2
080410045191004,2
080410045191005,2
080410045191006,2
080410045191007,2
080410045191008,2
080410045191009,2
080410045191010,2
080410045191026,2
080410045182000,2
080410045182001,2
080410045182002,2
080410045182003,2
080410045182004,2
080410045182005,2
080410045182006,2
080410045182007,2
080410045182008,2
080410045182011,2
080410045182012,2
080410045182013,2
080410045182014,2
080410045182015,2
080410045182032,2
080410045182033,2
080410045191011,2
080410045191012,2
080410045191013,2
080410045191014,2
080410045191015,2
080410045191016,2
080410045191027,2
080410045191028,2
080410045191029,2
080410045201000,2
080410045201001,2
080410045201006,2
080410045201007,2
080410045201008,2
080410045201009,2
080410045201010,2
080410046011000,2
080410046011003,2
080410046011004,2
080410046011005,2
080410046011006,2
080410046011007,2
080410046011008,2
080410046011009,2
080410046011010,2
080410046011011,2
080410046011012,2
080410046011013,2
080410046011014,2
080410046011015,2
080410046011016,2
080410046011017,2
080410046011018,2
080410046011019,2
080410046011020,2
080410046011021,2
080410046011022,2
080410046011023,2
080410046011024,2
080410046011025,2
080410046011026,2
080410046011027,2
080410046011028,2
080410046011029,2
080410046011030,2
080410046011031,2
080410046011032,2
080410046011033,2
080410046011034,2
080410046011035,2
080410046011036,2
080410046011039,2
080410046011050,2
080410046012029,2
080410046011037,2
080410046011038,2
080410046011040,2
080410046011041,2
080410046011042,2
080410046011043,2
080410046011044,2
080410046011045,2
080410046011046,2
080410046011047,2
080410046011048,2
080410046011049,2
080410046011051,2
080410046011052,2
080410046011053,2
080410046011054,2
080410046012007,2
080410046012008,2
080410046012009,2
080410046012010,2
080410046012011,2
080410046012012,2
080410046012013,2
080410046012014,2
080410046012015,2
080410046012016,2
080410046012017,2
080410046012018,2
080410046012019,2
080410046012020,2
080410046012021,2
080410046012022,2
080410046012023,2
080410046012024,2
080410046012025,2
080410046012026,2
080410046012027,2
080410046012028,2
080410046012030,2
080410046012031,2
080410046012032,2
080410046012033,2
080410046012034,2
080410046012035,2
080410046012036,2
080410046012037,2
080410046012038,2
080410046012039,2
080410046012040,2
080410046023024,2
080410046023026,2
080410046023027,2
080410046023036,2
080410046023042,2
080410046023043,2
080410046023044,2
080410046023045,2
080410046023046,2
080410046023047,2
080410046023052,2
080410046023053,2
080410046023054,2
080410046023055,2
080410046023056,2
080410046023066,2
080410046023067,2
080410046023025,2
080410046021007,2
080410046021008,2
080410046021009,2
080410046021010,2
080410046021011,2
080410046021012,2
080410046021013,2
080410046021014,2
080410046021015,2
080410046021016,2
080410046021022,2
080410046021026,2
080410046021027,2
080410046021028,2
080410046021029,2
080410046021030,2
080410046021031,2
080410046021032,2
080410046021033,2
080410046021075,2
080410046021076,2
080410046021077,2
080410046021078,2
080410046021086,2
080410046021087,2
080410046021088,2
080410046031000,2
080410046031001,2
080410046031002,2
080410046031003,2
080410046031004,2
080410046031005,2
080410046031006,2
080410046031007,2
080410046031008,2
080410046031009,2
080410046031010,2
080410046031011,2
080410046031028,2
080410046031029,2
080410046031030,2
080410046031031,2
080410046031032,2
080410046031033,2
080410046031034,2
080410046031035,2
080410046031036,2
080410046031037,2
080410046031038,2
080410046031039,2
080410046031040,2
080410046031041,2
080410046031046,2
080410046031047,2
080410046031049,2
080410046031050,2
080410046031051,2
080410046031052,2
080410046031053,2
080410046031054,2
080410046031055,2
080410046033053,2
080410046031012,2
080410046031013,2
080410046031014,2
080410046031015,2
080410046031016,2
080410046031017,2
080410046031018,2
080410046031019,2
080410046031020,2
080410046031021,2
080410046031022,2
080410046031023,2
080410046031024,2
080410046031025,2
080410046031026,2
080410046031027,2
080410046031056,2
080410046031057,2
080410046031058,2
080410046031059,2
080410046031060,2
080410046031061,2
080410046033000,2
080410046033002,2
080410046033007,2
080410051232044,2
080410046021021,2
080410046021047,2
080410046021048,2
080410046021059,2
080410046021069,2
080410046021070,2
080410046021071,2
080410046021072,2
080410046021073,2
080410046021080,2
080410046022000,2
080410046022001,2
080410046022002,2
080410046022003,2
080410046022004,2
080410046022005,2
080410046022006,2
080410046022007,2
080410046022008,2
080410046022009,2
080410046022010,2
080410046022011,2
080410046022014,2
080410046022015,2
080410046022016,2
080410046022060,2
080410046022061,2
080410046022062,2
080410046022063,2
080410046022064,2
080410046022065,2
080410046022066,2
080410046022067,2
080410046022068,2
080410046022069,2
080410046022070,2
080410046022071,2
080410046022072,2
080410046022073,2
080410046022074,2
080410046022075,2
080410046022076,2
080410046022077,2
080410046022078,2
080410046022079,2
080410046022080,2
080410046022081,2
080410046022082,2
080410046022083,2
080410046022084,2
080410046022085,2
080410046022086,2
080410046022087,2
080410046022088,2
080410046022091,2
080410046033019,2
080410046033048,2
080410046033049,2
080410046033050,2
080410046033051,2
080410046033052,2
080410046033059,2
080410046033060,2
080410046033061,2
080410046033065,2
080410047011014,5
080410047011015,5
080410047021000,5
080410047021001,5
080410047021002,5
080410047021003,5
080410047021004,5
080410047021005,5
080410047021006,5
080410047021007,5
080410047021008,5
080410047021009,5
080410047021010,5
080410047021011,5
080410047021012,5
080410047022000,5
080410047022001,5
080410047022002,5
080410047022003,5
080410047022004,5
080410047022005,5
080410047022006,5
080410047022007,5
080410047022008,5
080410047022009,5
080410047022010,5
080410047031000,5
080410047031001,5
080410047031002,5
080410047012000,5
080410047012001,5
080410047012003,5
080410047012009,5
080410047012010,5
080410047012011,5
080410047012012,5
080410047012013,5
080410047012014,5
080410047012015,5
080410047012016,5
080410047012017,5
080410047012018,5
080410047012019,5
080410047012020,5
080410047012021,5
080410047012022,5
080410047012023,5
080410047012024,5
080410047012025,5
080410047013000,5
080410047013001,5
080410047013002,5
080410047013003,5
080410047013004,5
080410047013005,5
080410047013006,5
080410047013009,5
080410047013012,5
080410047013013,5
080410047013014,5
080410047013017,5
080410047031003,5
080410047013007,5
080410047013008,5
080410047013010,5
080410047013011,5
080410047013015,5
080410047013016,5
080410048001000,5
080410048001001,5
080410048001002,5
080410048001003,5
080410048001004,5
080410048001005,5
080410048001006,5
080410048001007,5
080410048001008,5
080410048001009,5
080410048001010,5
080410048001011,5
080410048001012,5
080410048001013,5
080410048001014,5
080410048001015,5
080410048001016,5
080410048001017,5
080410048001018,5
080410048001019,5
080410048001020,5
080410048001021,5
080410048001022,5
080410048001023,5
080410048001024,5
080410048002005,5
080410048003004,5
080410048003005,5
080410048003008,5
080410048003013,5
080410047031004,5
080410047031005,5
080410047031006,5
080410047031007,5
080410047032000,5
080410047032001,5
080410047032002,5
080410047032003,5
080410047032004,5
080410047032005,5
080410047032006,5
080410047033000,5
080410047033001,5
080410047033002,5
080410047033003,5
080410047033004,5
080410047033005,5
080410047033006,5
080410047033007,5
080410047035000,5
080410047035001,5
080410047035008,5
080410047035009,5
080410047035010,5
080410047035011,5
080410047035016,5
080410047035017,5
080410047035018,5
080410047035019,5
080410047061000,5
080410047061001,5
080410047061002,5
080410047061005,5
080410047061006,5
080410047061008,5
080410047061009,5
080410047061010,5
080410047061011,5
080410047061012,5
080410047061013,5
080410047061014,5
080410047061015,5
080410047061020,5
080410047061021,5
080410047061027,5
080410047061028,5
080410047062021,5
080410047062022,5
080410047062023,5
080410047061003,5
080410047061004,5
080410047061007,5
080410047061016,5
080410047061017,5
080410047061018,5
080410047061019,5
080410047061022,5
080410047061023,5
080410047061024,5
080410047061025,5
080410047061026,5
080410047061029,5
080410047061030,5
080410047061033,5
080410047062007,5
080410047062008,5
080410047062009,5
080410047062011,5
080410047062012,5
080410047062013,5
080410047062014,5
080410047062015,5
080410047062016,5
080410047062017,5
080410047062018,5
080410047062026,5
080410047062027,5
080410047062028,5
080410047062029,5
080410047062030,5
080410047062031,5
080410047062032,5
080410047062035,5
080410047062036,5
080410047062037,5
080410047062038,5
080410047062001,1
080410047062010,1
080410069011007,1
080410069011008,1
080410069011009,1
080410069011010,1
080410069011011,1
080410069012000,1
080410069012001,1
080410069012002,1
080410069012003,1
080410069012004,1
080410069012005,1
080410069012006,1
080410069012007,1
080410069012008,1
080410069012017,1
080410069012023,1
080410069021017,1
080410069021018,1
080410069021019,1
080410069022000,1
080410069022001,1
080410071053029,1
080410071053031,1
080410047061031,5
080410047061032,5
080410047062033,5
080410047083003,5
080410047083004,5
080410047083005,5
080410047083006,5
080410047083007,5
080410047083008,5
080410047083009,5
080410047083011,5
080410047083014,5
080410047083015,5
080410047083016,5
080410047083017,5
080410047083018,5
080410047083019,5
080410047083020,5
080410047083021,5
080410047083024,5
080410047062000,5
080410047062002,5
080410047062003,5
080410047062004,5
080410047062005,5
080410047062006,5
080410047062019,5
080410047062020,5
080410047062024,5
080410047062025,5
080410047062034,5
080410047072000,5
080410047082000,5
080410047082001,5
080410047082002,5
080410047082003,5
080410047082004,5
080410047082005,5
080410047082007,5
080410047082008,5
080410047082021,5
080410047083000,5
080410047083001,5
080410047083002,5
080410047083013,5
080410047083022,5
080410047083023,5
080410047071000,5
080410047071009,5
080410047071010,5
080410047071011,5
080410047071020,5
080410047071021,5
080410047072001,5
080410047072002,5
080410047072003,5
080410047072004,5
080410047072005,5
080410047072006,5
080410047072007,5
080410047072008,5
080410047072009,5
080410047072010,5
080410047072011,5
080410047072012,5
080410047072013,5
080410047082006,5
080410047082009,5
080410047082010,5
080410047082011,5
080410047082012,5
080410047082013,5
080410047082014,5
080410047082015,5
080410047082016,5
080410047082017,5
080410047082018,5
080410047082019,5
080410047082020,5
080410055011000,5
080410055011001,5
080410055011002,5
080410055011003,5
080410055011004,5
080410055011005,5
080410055011006,5
080410055011007,5
080410055011008,5
080410055011009,5
080410055011010,5
080410055011011,5
080410055011012,5
080410055011013,5
080410055011014,5
080410055011015,5
080410055011016,5
080410055011017,5
080410055011018,5
080410055011019,5
080410055011020,5
080410055011021,5
080410055011022,5
080410055011023,5
080410055011024,5
080410055011025,5
080410047071001,5
080410047071002,5
080410047071003,5
080410047071004,5
080410047071005,5
080410047071006,5
080410047071022,5
080410047071023,5
080410047071024,5
080410047071025,5
080410047081000,5
080410047081001,5
080410047081002,5
080410047081003,5
080410047081004,5
080410047081005,5
080410047081006,5
080410047081007,5
080410047081008,5
080410047081009,5
080410047081010,5
080410047081011,5
080410047081012,5
080410047081013,5
080410047081014,5
080410047081015,5
080410047081016,5
080410047083010,5
080410047083012,5
080410047083025,5
080410047071007,5
080410047071008,5
080410047071012,5
080410047071013,5
080410047071014,5
080410047071015,5
080410047071016,5
080410047071017,5
080410047071018,5
080410047071019,5
080410047071026,5
080410047071027,5
080410049021000,5
080410049021001,5
080410049021002,5
080410049021003,5
080410049021004,5
080410049021005,5
080410049021006,5
080410049021007,5
080410049024000,5
080410049024001,5
080410049024002,5
080410049024003,5
080410049024004,5
080410049024005,5
080410049024006,5
080410049024007,5
080410049024008,5
080410049024009,5
080410049024011,5
080410055012000,5
080410048001025,5
080410078011009,5
080410078011010,5
080410078011011,5
080410078011012,5
080410078011013,5
080410078011014,5
080410078011015,5
080410078011017,5
080410078011018,5
080410078011019,5
080410078011020,5
080410078011021,5
080410078011022,5
080410078011023,5
080410078011024,5
080410078021010,5
080410078022000,5
080410078022001,5
080410078022002,5
080410078022003,5
080410078022004,5
080410078022005,5
080410077001017,5
080410077001018,5
080410077001019,5
080410077001020,5
080410077001021,5
080410077001022,5
080410077001023,5
080410077001024,5
080410077001025,5
080410077003000,5
080410077003001,5
080410077003002,5
080410077003003,5
080410077003004,5
080410077003005,5
080410077003006,5
080410077003007,5
080410077003008,5
080410077003009,5
080410077003010,5
080410077003011,5
080410077003012,5
080410077003015,5
080410077003016,5
080410077003017,5
080410077003018,5
080410077004012,5
080410078011000,5
080410078011001,5
080410078011002,5
080410078011003,5
080410078011004,5
080410078011005,5
080410078011006,5
080410078011007,5
080410078011008,5
080410078011016,5
080410078021000,5
080410078021001,5
080410078021002,5
080410078021003,5
080410078021004,5
080410078021007,5
080410078021008,5
080410048002000,5
080410048002001,5
080410048002002,5
080410048002003,5
080410048002004,5
080410048002006,5
080410048002007,5
080410048002008,5
080410048002009,5
080410048002010,5
080410048002011,5
080410048002012,5
080410048003000,5
080410048003001,5
080410048003002,5
080410048003003,5
080410048003006,5
080410048003007,5
080410048003009,5
080410048003010,5
080410048003011,5
080410048004000,5
080410048004001,5
080410048004002,5
080410048004003,5
080410048004004,5
080410048004005,5
080410048004006,5
080410048004007,5
080410049011000,5
080410049011001,5
080410049011002,5
080410049011003,5
080410049011015,5
080410049021008,5
080410049021011,5
080410049021012,5
080410049021013,5
080410049021014,5
080410049021015,5
080410049022000,5
080410049022001,5
080410049022002,5
080410049022003,5
080410049022004,5
080410049022005,5
080410049022006,5
080410049022007,5
080410049022008,5
080410049022009,5
080410049022010,5
080410049022011,5
080410049022012,5
080410049022013,5
080410049022014,5
080410049022015,5
080410049022016,5
080410049022017,5
080410049022018,5
080410049022019,5
080410049022020,5
080410049022021,5
080410049011004,5
080410049011005,5
080410049011006,5
080410049011007,5
080410049011008,5
080410049011009,5
080410049011010,5
080410049011011,5
080410049011012,5
080410049011013,5
080410049011014,5
080410049011016,5
080410049011017,5
080410049011018,5
080410049011019,5
080410049011020,5
080410055013000,5
080410055013001,5
080410055013002,5
080410055013003,5
080410055013004,5
080410055013005,5
080410055013006,5
080410055013007,5
080410055021001,5
080410055021002,5
080410055021003,5
080410055021004,5
080410055021005,5
080410055021006,5
080410055021007,5
080410055021008,5
080410055021009,5
080410055021010,5
080410055021011,5
080410055021012,5
080410055021013,5
080410055021014,5
080410055021015,5
080410055021022,5
080410055021023,5
080410055021024,5
080410055021028,5
080410055021029,5
080410055022000,5
080410055022001,5
080410055022002,5
080410055022003,5
080410055022004,5
080410055022005,5
080410055022006,5
080410055021000,5
080410055021027,5
080410056012001,5
080410056012002,5
080410056012003,5
080410056012004,5
080410056012005,5
080410056012006,5
080410056012007,5
080410056012008,5
080410056012009,5
080410056012010,5
080410056012011,5
080410056012012,5
080410056012013,5
080410056012014,5
080410056012015,5
080410056012016,5
080410056012018,5
080410056012019,5
080410056012020,5
080410055021016,5
080410055021017,5
080410055021018,5
080410055021019,5
080410055021020,5
080410055021021,5
080410055021025,5
080410055021026,5
080410055021030,5
080410055021031,5
080410055021032,5
080410055021033,5
080410055022007,5
080410055022008,5
080410055022009,5
080410055022010,5
080410055022011,5
080410055022012,5
080410055022013,5
080410055023000,5
080410055023001,5
080410055023002,5
080410055023003,5
080410055023004,5
080410055023005,5
080410055024000,5
080410055024001,5
080410055024002,5
080410055024003,5
080410055024004,5
080410055024005,5
080410055024006,5
080410055024007,5
080410056012017,5
080410047035020,5
080410049012000,5
080410049012001,5
080410049021009,5
080410049021010,5
080410049023000,5
080410049023001,5
080410049023002,5
080410049023003,5
080410049023004,5
080410049023005,5
080410049023006,5
080410049023007,5
080410049023008,5
080410049023009,5
080410049023010,5
080410049023011,5
080410049023012,5
080410049023013,5
080410049024010,5
080410050001000,4
080410050001001,4
080410050001002,4
080410050001003,4
080410050001004,4
080410050001009,4
080410050001010,4
080410050001011,4
080410050001012,4
080410050001013,4
080410050001014,4
080410050001015,4
080410050001016,4
080410050001017,4
080410050001018,4
080410050001019,4
080410050001023,4
080410050001024,4
080410050001025,4
080410050001026,4
080410050001027,4
080410050003000,4
080410051103004,4
080410051103005,4
080410051103006,4
080410051103007,4
080410051103008,4
080410051103009,4
080410051103010,4
080410051103011,4
080410051103012,4
080410050001005,4
080410050001006,4
080410050001007,4
080410050001008,4
080410050001020,4
080410050001021,4
080410050001022,4
080410051101000,4
080410051101001,4
080410051101002,4
080410051101003,4
080410051101004,4
080410051101005,4
080410051101006,4
080410051101007,4
080410051101008,4
080410051101009,4
080410051101010,4
080410051101011,4
080410051101012,4
080410051101013,4
080410051101014,4
080410051101015,4
080410051101016,4
080410051101017,4
080410051101018,4
080410051101019,4
080410051101020,4
080410051101021,4
080410051101022,4
080410051102000,4
080410051102001,4
080410051102002,4
080410051102003,4
080410051102004,4
080410051102005,4
080410051102006,4
080410051102007,4
080410051102008,4
080410051102009,4
080410051102010,4
080410050002000,4
080410050002001,4
080410050002002,4
080410050002003,4
080410050002004,4
080410050002005,4
080410050002006,4
080410050002007,4
080410050002008,4
080410050002009,4
080410050002010,4
080410050002011,4
080410050002012,4
080410050002013,4
080410050002014,4
080410050003001,4
080410050003002,4
080410050003003,4
080410050003004,4
080410050003005,4
080410050003006,4
080410050003007,4
080410050003008,4
080410050003009,4
080410050003010,4
080410050003011,4
080410050003012,4
080410050003013,4
080410050003015,4
080410050003014,4
080410050004000,4
080410050004001,4
080410050004002,4
080410050004003,4
080410050004004,4
080410050004005,4
080410050004006,4
080410050004007,4
080410050004008,4
080410050004009,4
080410050004010,4
080410050004011,4
080410050004012,4
080410050004013,4
080410050004014,4
080410051103013,4
080410051103014,4
080410051141004,4
080410051141005,4
080410051141006,4
080410051141007,4
080410051141008,4
080410051141009,4
080410051141010,4
080410051141011,4
080410051141012,4
080410051141013,4
080410051141014,4
080410051141015,4
080410051141016,4
080410051141021,4
080410051141023,4
080410051141024,4
080410051141025,4
080410051141026,4
080410051141027,4
080410051141028,4
080410051141029,4
080410051141030,4
080410051141031,4
080410051141032,4
080410051153008,4
080410051153009,4
080410051153010,4
080410051103000,4
080410051103001,4
080410051103002,4
080410051103003,4
080410051103015,4
080410051103016,4
080410051153000,4
080410051153001,4
080410051153002,4
080410051153003,4
080410051153004,4
080410051153005,4
080410051153006,4
080410051153007,4
080410051153011,4
080410051121000,5
080410051121001,5
080410051121002,5
080410051121003,5
080410051121005,5
080410051121006,5
080410051131000,5
080410051131001,5
080410051131002,5
080410051131003,5
080410051131004,5
080410051131005,5
080410051131006,5
080410051131007,5
080410051131008,5
080410051131009,5
080410051131010,5
080410051121004,5
080410051122000,5
080410051122001,5
080410051122002,5
080410051122003,5
080410051122004,5
080410051122005,5
080410051122006,5
080410051123000,5
080410051123001,5
080410051123002,5
080410051123003,5
080410051123004,5
080410051123005,5
080410051123006,5
080410051123007,5
080410051123008,5
080410051123009,5
080410051123010,5
080410051123011,5
080410051123012,5
080410051123013,5
080410051123014,5
080410051123015,5
080410051123016,5
080410051123017,5
080410051123018,5
080410051132000,5
080410051132001,5
080410051132002,5
080410051132003,5
080410051132004,5
080410051132005,5
080410051132006,5
080410051132007,5
080410051132008,5
080410051132009,5
080410051132010,5
080410051132011,5
080410051132012,5
080410051132013,5
080410051132014,5
080410051132015,5
080410051242001,5
080410051242006,5
080410051242007,5
080410051242008,5
080410051242009,5
080410051242010,5
080410051242015,5
080410051251047,5
080410051251048,5
080410051252040,5
080410051151006,2
080410051151020,2
080410051151029,2
080410051151030,2
080410051151031,2
080410051152000,2
080410051152001,2
080410051152003,2
080410051152004,2
080410051152005,2
080410051152006,2
080410051152007,2
080410051152008,2
080410051152009,2
080410051152010,2
080410051152011,2
080410051152012,2
080410051152013,2
080410051152014,2
080410051152015,2
080410051152016,2
080410051224024,2
080410051224025,2
080410051152002,2
080410051224000,2
080410051224001,2
080410051224002,2
080410051224003,2
080410051224004,2
080410051224005,2
080410051224006,2
080410051224007,2
080410051224008,2
080410051224009,2
080410051224010,2
080410051224011,2
080410051224013,2
080410051224014,2
080410051224015,2
080410051224016,2
080410051224017,2
080410051224018,2
080410051224020,2
080410051224021,2
080410051224022,2
080410051224023,2
080410051224026,2
080410051224027,2
080410051224028,2
080410051231018,2
080410051231019,2
080410051231020,2
080410051232022,2
080410051232023,2
080410051232024,2
080410051232027,2
080410051161000,5
080410051161001,5
080410051161002,5
080410051161003,5
080410051161004,5
080410051161005,5
080410051161006,5
080410051161007,5
080410051161008,5
080410051161009,5
080410051161010,5
080410051161011,5
080410051161012,5
080410051161013,5
080410051161014,5
080410051163000,5
080410051163001,5
080410051163002,5
080410051163003,5
080410051163004,5
080410051163005,5
080410051163006,5
080410051163007,5
080410051163008,5
080410051163009,5
080410051163010,5
080410051163011,5
080410051163012,5
080410051163013,5
080410051171018,5
080410051171022,5
080410051171023,5
080410051171031,5
080410051172008,5
080410051172017,5
080410051172020,5
080410051162000,5
080410051162001,5
080410051162002,5
080410051162003,5
080410051162004,5
080410051162005,5
080410051162006,5
080410051162007,5
080410051162008,5
080410051162009,5
080410051162010,5
080410051162011,5
080410051162012,5
080410051162013,5
080410051162014,5
080410051162015,5
080410051162016,5
080410051163014,5
080410051163015,5
080410051171000,5
080410051172000,5
080410051172001,5
080410051172002,5
080410051172003,5
080410051172004,5
080410051172005,5
080410051172006,5
080410051172007,5
080410051172009,5
080410051172010,5
080410051172011,5
080410051172012,5
080410051172013,5
080410051172014,5
080410051172015,5
080410051172016,5
080410051172018,5
080410051172019,5
080410051192012,5
080410051171001,5
080410051171002,5
080410051171003,5
080410051171004,5
080410051171005,5
080410051171006,5
080410051171007,5
080410051171008,5
080410051171009,5
080410051171010,5
080410051171011,5
080410051171012,5
080410051171013,5
080410051171014,5
080410051171015,5
080410051171016,5
080410051171017,5
080410051171019,5
080410051171020,5
080410051171021,5
080410051171024,5
080410051171025,5
080410051171026,5
080410051171027,5
080410051171028,5
080410051171029,5
080410051171030,5
080410051171032,5
080410051171033,5
080410051182000,5
080410051182001,5
080410051183001,5
080410051183002,5
080410051181000,5
080410051181001,5
080410051181002,5
080410051181003,5
080410051181004,5
080410051181005,5
080410051181006,5
080410051181007,5
080410051181008,5
080410051181009,5
080410051181010,5
080410051181011,5
080410051181012,5
080410051181013,5
080410051181014,5
080410051181015,5
080410051181016,5
080410051181017,5
080410051181018,5
080410051181019,5
080410051181020,5
080410051181021,5
080410051181022,5
080410051181023,5
080410051181024,5
080410051181025,5
080410051181026,5
080410051181027,5
080410051183014,5
080410051183015,5
080410051183016,5
080410051182002,5
080410051182003,5
080410051182004,5
080410051182005,5
080410051182006,5
080410051182007,5
080410051182008,5
080410051182009,5
080410051183003,5
080410051183004,5
080410051183005,5
080410051183006,5
080410051183007,5
080410051183009,5
080410051183010,5
080410051183011,5
080410051183012,5
080410051183013,5
080410051183000,5
080410051183008,5
080410051183017,5
080410051191000,5
080410051191001,5
080410051191002,5
080410051191003,5
080410051191004,5
080410051191005,5
080410051191006,5
080410051191007,5
080410051191008,5
080410051191009,5
080410051191010,5
080410051191011,5
080410051191012,5
080410051191013,5
080410051191014,5
080410051191015,5
080410051191016,5
080410051191017,5
080410051191018,5
080410051191019,5
080410051191020,5
080410051191021,5
080410051191022,5
080410051191023,5
080410051191024,5
080410051191025,5
080410051191026,5
080410051191027,5
080410051191029,5
080410051191030,5
080410051191031,5
080410051191032,5
080410051191033,5
080410051191034,5
080410051191035,5
080410051191028,4
080410051192000,4
080410051192001,4
080410051192002,4
080410051192003,4
080410051192004,4
080410051192005,4
080410051192006,4
080410051192007,4
080410051192008,4
080410051192009,4
080410051192010,4
080410051192011,4
080410051192013,4
080410051192014,4
080410051192015,4
080410051192016,4
080410051192017,4
080410051192018,4
080410051192019,4
080410051192020,4
080410051192021,4
080410051192022,4
080410051192023,4
080410051192024,4
080410051192025,4
080410051192026,4
080410051201000,5
080410051201001,5
080410051201002,5
080410051201003,5
080410051201004,5
080410051201005,5
080410051201006,5
080410051201007,5
080410051201008,5
080410051201009,5
080410051201010,5
080410051201011,5
080410051201012,5
080410051201013,5
080410051201014,5
080410051201015,5
080410051201016,5
080410051201017,5
080410051201018,5
080410051202000,5
080410051202011,5
080410051202012,5
080410051202013,5
080410051202017,5
080410051202018,5
080410051202019,5
080410051202020,5
080410051202021,5
080410051202022,5
080410051202023,5
080410051202024,5
080410051202025,5
080410051202026,5
080410051213005,5
080410051213014,5
080410051213015,5
080410051213016,5
080410051213017,5
080410051213018,5
080410051213019,5
080410051201019,5
080410051203000,5
080410051203001,5
080410051203002,5
080410051203003,5
080410051203004,5
080410051203005,5
080410051203006,5
080410051203007,5
080410051203008,5
080410051203009,5
080410051203010,5
080410051203011,5
080410051211034,5
080410051251014,5
080410051251015,5
080410051251016,5
080410051251017,5
080410051251018,5
080410051251019,5
080410051251020,5
080410051251021,5
080410051251022,5
080410051251023,5
080410051251024,5
080410051251025,5
080410051251026,5
080410051251027,5
080410051251028,5
080410051251049,5
080410051251050,5
080410051251051,5
080410051251052,5
080410051252024,5
080410051252025,5
080410051252026,5
080410051252027,5
080410051252031,5
080410051252035,5
080410051252036,5
080410051252037,5
080410051252038,5
080410051252039,5
080410051202001,5
080410051202002,5
080410051202003,5
080410051202004,5
080410051202005,5
080410051202006,5
080410051202007,5
080410051202008,5
080410051202009,5
080410051202010,5
080410051202014,5
080410051202015,5
080410051202016,5
080410051204000,5
080410051204001,5
080410051204002,5
080410051204003,5
080410051204004,5
080410051204005,5
080410051204006,5
080410051204007,5
080410051204008,5
080410051204009,5
080410051204010,5
080410051204011,5
080410051204012,5
080410051204013,5
080410051204014,5
080410051204015,5
080410051204016,5
080410051204017,5
080410051211037,5
080410051211038,5
080410051211060,5
080410051212000,5
080410051212001,5
080410051212002,5
080410051212003,5
080410051212004,5
080410051212005,5
080410051212006,5
080410051212007,5
080410051212008,5
080410051212009,5
080410051212010,5
080410051212011,5
080410051212012,5
080410051212013,5
080410051212014,5
080410051212015,5
080410051212016,5
080410051212017,5
080410051212018,5
080410051212019,5
080410051212020,5
080410051213020,5
080410051213022,5
080410051211002,5
080410051211003,5
080410051211004,5
080410051211005,5
080410051211006,5
080410051211007,5
080410051211026,5
080410051211027,5
080410051211028,5
080410051211029,5
080410051211030,5
080410051211031,5
080410051211032,5
080410051211033,5
080410051211036,5
080410051211039,5
080410051211040,5
080410051211041,5
080410051211042,5
080410051211043,5
080410051211044,5
080410051211045,5
080410051211046,5
080410051211047,5
080410051211048,5
080410051211049,5
080410051211050,5
080410051211051,5
080410051211052,5
080410051211053,5
080410051211054,5
080410051211055,5
080410051211056,5
080410051211057,5
080410051211058,5
080410051211059,5
080410051213000,5
080410051213001,5
080410051213002,5
080410051213003,5
080410051213004,5
080410051213006,5
080410051213007,5
080410051213008,5
080410051213009,5
080410051213010,5
080410051213011,5
080410051213012,5
080410051213013,5
080410051213021,5
080410051211000,5
080410051211001,5
080410051211008,5
080410051211009,5
080410051211010,5
080410051211011,5
080410051211012,5
080410051211013,5
080410051211014,5
080410051211015,5
080410051211016,5
080410051211017,5
080410051211018,5
080410051211019,5
080410051211020,5
080410051211021,5
080410051211022,5
080410051211023,5
080410051211024,5
080410051211025,5
080410051211035,5
080410051251000,5
080410051251001,5
080410051251002,5
080410051251003,5
080410051251004,5
080410051251005,5
080410051251006,5
080410051251007,5
080410051251008,5
080410051251009,5
080410051251010,5
080410051251011,5
080410051251012,5
080410051251013,5
080410051251053,5
080410076033026,1
080410076033027,1
080410076033028,1
080410076033029,1
080410076033030,1
080410076033045,1
080410076033031,1
080410076033032,1
080410076033033,1
080410076033034,1
080410076033035,1
080410076033036,1
080410076033037,1
080410076033038,1
080410076033039,1
080410076033040,1
080410076033046,1
080410076033047,1
080410076033048,1
080410076033049,1
080410076033050,1
080410076033051,1
080410076033052,1
080410076033053,1
080410076033054,1
080410076033055,1
080410076033056,1
080410076033057,1
080410076033058,1
080410076033059,1
080410076033060,1
080410076033061,1
080410051221002,2
080410051221006,2
080410051221009,2
080410051221010,2
080410051221011,2
080410051221012,2
080410051221019,2
080410051221020,2
080410051221024,2
080410051221025,2
080410051221026,2
080410051221027,2
080410051221028,2
080410051221029,2
080410051221030,2
080410051221031,2
080410051221032,2
080410051221033,2
080410051221057,2
080410051221058,2
080410051221059,2
080410051221060,2
080410051221061,2
080410051221074,2
080410051221076,2
080410076033044,2
080410051221000,2
080410051221001,2
080410051221003,2
080410051221004,2
080410051221005,2
080410051221007,2
080410051221008,2
080410051221013,2
080410051221014,2
080410051221015,2
080410051221017,2
080410051221018,2
080410051221021,2
080410051221022,2
080410051221023,2
080410051221062,2
080410051221063,2
080410051221064,2
080410051221065,2
080410051221066,2
080410051221016,5
080410051221034,5
080410051221035,5
080410051221036,5
080410051221037,5
080410051221038,5
080410051221039,5
080410051221040,5
080410051221041,5
080410051221042,5
080410051221043,5
080410051221044,5
080410051221045,5
080410051221046,5
080410051221047,5
080410051221049,5
080410051221050,5
080410051221051,5
080410051221052,5
080410051221053,5
080410051221054,5
080410051221055,5
080410051221056,5
080410051221067,5
080410051221068,5
080410051221069,5
080410051221070,5
080410051221071,5
080410051221072,5
080410051221073,5
080410051221075,5
080410051224012,5
080410051224019,5
080410051221048,2
080410076032018,2
080410051251029,5
080410051251030,5
080410051251031,5
080410051251032,5
080410051251033,5
080410051251034,5
080410051251035,5
080410051251036,5
080410051251037,5
080410051251038,5
080410051251039,5
080410051251040,5
080410051251041,5
080410051251042,5
080410051251043,5
080410051251044,5
080410051251045,5
080410051251046,5
080410051252000,5
080410051252001,5
080410051252002,5
080410051252003,5
080410051252004,5
080410051252005,5
080410051252006,5
080410051252007,5
080410051252008,5
080410051252009,5
080410051252010,5
080410051252011,5
080410051252012,5
080410051252013,5
080410051252014,5
080410051252015,5
080410051252016,5
080410051252017,5
080410051252018,5
080410051252019,5
080410051252020,5
080410051252021,5
080410051252022,5
080410051252023,5
080410051252028,5
080410051252029,5
080410051252030,5
080410051252032,5
080410051252033,5
080410051252034,5
080410051252041,5
080410051252042,5
080410051252043,5
080410051252044,5
080410051252045,5
080410051252046,5
080410051223000,2
080410051223001,2
080410051223002,2
080410051223003,2
080410051223004,2
080410051223005,2
080410051223006,2
080410051223007,2
080410051223008,2
080410051223009,2
080410051223010,2
080410051223011,2
080410051223012,2
080410051223013,2
080410051223014,2
080410051223015,2
080410051223016,2
080410051223017,2
080410051223018,2
080410051223019,2
080410051223020,2
080410051223021,2
080410051223022,2
080410051223023,2
080410051223024,2
080410051223025,2
080410051223026,2
080410051231000,2
080410051231001,2
080410051231002,2
080410051231003,2
080410051231004,2
080410051231005,2
080410051231006,2
080410051231007,2
080410051231008,2
080410051231009,2
080410051231010,2
080410051231011,2
080410051231012,2
080410051231013,2
080410051231014,2
080410051231015,2
080410051231016,2
080410051231017,2
080410051231021,2
080410051231022,2
080410051231023,2
080410051231024,2
080410051232000,2
080410051232001,2
080410051232002,2
080410051232003,2
080410051232004,2
080410051232005,2
080410051232006,2
080410051232007,2
080410051232009,2
080410051232010,2
080410051232011,2
080410051232012,2
080410051232013,2
080410051232014,2
080410051232015,2
080410051232016,2
080410051232017,2
080410051232018,2
080410051232019,2
080410051232020,2
080410051232021,2
080410051232029,2
080410051232030,2
080410051232031,2
080410051232032,2
080410051232033,2
080410051232034,2
080410051232035,2
080410051232039,2
080410051232040,2
080410051232041,2
080410051232053,2
080410051232054,2
080410051232008,2
080410051241000,5
080410051241001,5
080410051241002,5
080410051241003,5
080410051241004,5
080410051241005,5
080410051241006,5
080410051241007,5
080410051241008,5
080410051241009,5
080410051241010,5
080410051241011,5
080410051241012,5
080410051241013,5
080410051241014,5
080410051241015,5
080410051241016,5
080410051241017,5
080410051242000,5
080410051242002,5
080410051242003,5
080410051242004,5
080410051242005,5
080410051242011,5
080410051242012,5
080410051242013,5
080410051242014,5
080410051242016,5
080410051242017,5
080410051242018,5
080410051242019,5
080410051242020,5
080410051242021,5
080410051242022,5
080410052012001,4
080410052012002,4
080410052012003,4
080410052012004,4
080410052012005,4
080410052012006,4
080410052012007,4
080410052012008,4
080410052012009,4
080410052012010,4
080410052012011,4
080410052012012,4
080410052012013,4
080410052012014,4
080410052013000,4
080410052013001,4
080410052013002,4
080410052013003,4
080410052013004,4
080410052013005,4
080410052013006,4
080410053001000,4
080410053001001,4
080410053001002,4
080410053001003,4
080410053001004,4
080410053001005,4
080410053001006,4
080410053001007,4
080410053001008,4
080410053001009,4
080410053001010,4
080410053001011,4
080410053002000,4
080410053002001,4
080410053002002,4
080410053002003,4
080410053002005,4
080410053002006,4
080410053002007,4
080410053002008,4
080410053002009,4
080410054002000,4
080410054002003,4
080410052014000,4
080410052014001,4
080410052014002,4
080410052014003,4
080410052014004,4
080410052014005,4
080410052022000,4
080410052022002,4
080410052022003,4
080410052022004,4
080410052022005,4
080410052022006,4
080410052022007,4
080410052022008,4
080410052022009,4
080410052022010,4
080410052022011,4
080410052022012,4
080410052022013,4
080410052022014,4
080410052022015,4
080410052022016,4
080410052022017,4
080410054001000,4
080410054001001,4
080410054001002,4
080410054001003,4
080410054001004,4
080410054001005,4
080410054001006,4
080410054001007,4
080410054001008,4
080410054001009,4
080410054001010,4
080410054001011,4
080410054001012,4
080410054001013,4
080410054001014,4
080410054001015,4
080410054001016,4
080410054001017,4
080410053001012,4
080410053001013,4
080410053002004,4
080410053003006,4
080410053003007,4
080410053003008,4
080410053003009,4
080410053004000,4
080410053004001,4
080410053004002,4
080410053004003,4
080410053004004,4
080410053004005,4
080410053004006,4
080410053004007,4
080410053004008,4
080410053004009,4
080410053004010,4
080410053004011,4
080410053004012,4
080410054003010,4
080410054003011,4
080410054003012,4
080410054003013,4
080410054004000,4
080410054004001,4
080410054004002,4
080410054004003,4
080410054004004,4
080410054004005,4
080410054004006,4
080410054004007,4
080410054004008,4
080410054004009,4
080410053003000,4
080410053003001,4
080410053003002,4
080410053003003,4
080410053003004,4
080410053003005,4
080410053003010,4
080410053003011,4
080410054002001,4
080410054002002,4
080410054002004,4
080410054002005,4
080410054002006,4
080410054002007,4
080410054002008,4
080410054002009,4
080410054002010,4
080410054002011,4
080410054002012,4
080410054002013,4
080410054002014,4
080410054002015,4
080410054003000,4
080410054003001,4
080410054003002,4
080410054003003,4
080410054003004,4
080410054003005,4
080410054003006,4
080410054003007,4
080410054003008,4
080410054003009,4
080410054003014,4
080410055012001,5
080410055012002,5
080410055012003,5
080410055012004,5
080410055012005,5
080410055012006,5
080410055012007,5
080410055012008,5
080410055012009,5
080410055012010,5
080410055012011,5
080410055012012,5
080410055012013,5
080410055012014,5
080410055012015,5
080410055012016,5
080410055012017,5
080410055012018,5
080410055012019,5
080410055012020,5
080410055012021,5
080410055012022,5
080410055012023,5
080410055012024,5
080410055012025,5
080410056011002,5
080410056011003,5
080410056012000,5
080410056011000,5
080410056011001,5
080410056011004,5
080410056011005,5
080410056011006,5
080410056011007,5
080410056011008,5
080410056011009,5
080410056011010,5
080410056011011,5
080410056011012,5
080410056011013,5
080410056011014,5
080410056011015,5
080410056021000,5
080410056021001,5
080410056021002,5
080410056021003,5
080410056021004,5
080410056021005,5
080410056021006,5
080410056021007,5
080410056021008,5
080410056021009,5
080410056021010,5
080410056021011,5
080410056021012,5
080410056021013,5
080410056021014,5
080410056021015,5
080410056022000,5
080410056022001,5
080410056023000,5
080410056023001,5
080410056023002,5
080410056023003,5
080410056023007,5
080410056023008,5
080410056023009,5
080410058003000,5
080410058003001,5
080410056022002,5
080410056022003,5
080410056023004,5
080410056023005,5
080410056023006,5
080410058001000,5
080410058001001,5
080410058001002,5
080410058001003,5
080410058001004,5
080410058001005,5
080410058001006,5
080410058001007,5
080410058001008,5
080410058001009,5
080410058001010,5
080410058001011,5
080410058001012,5
080410058002000,5
080410058002001,5
080410057001000,5
080410057001001,5
080410057001002,5
080410057001003,5
080410057001004,5
080410057001005,5
080410057001006,5
080410057002000,5
080410057002001,5
080410057002002,5
080410057002003,5
080410057002004,5
080410057002005,5
080410057002006,5
080410057002007,5
080410057002008,5
080410057002009,5
080410057002010,5
080410057002011,5
080410057002012,5
080410057002013,5
080410057002014,5
080410057002015,5
080410057002016,5
080410057003000,5
080410057003001,5
080410057003002,5
080410057003003,5
080410057003004,5
080410057003005,5
080410057003006,5
080410057003007,5
080410057003008,5
080410057003009,5
080410057003010,5
080410057003011,5
080410057003012,5
080410057003013,5
080410057003014,5
080410057003015,5
080410057004014,5
080410057004015,5
080410057004016,5
080410057004017,5
080410057004018,5
080410057004024,5
080410059001000,5
080410059001001,5
080410059001002,5
080410059001003,5
080410059001004,5
080410059001005,5
080410059001006,5
080410059001007,5
080410059001008,5
080410059001009,5
080410059001010,5
080410059001011,5
080410059001012,5
080410059001013,5
080410059001014,5
080410059001015,5
080410057004000,5
080410057004001,5
080410057004002,5
080410057004003,5
080410057004013,5
080410057004004,5
080410057004005,5
080410057004006,5
080410057004007,5
080410057004008,5
080410057004009,5
080410057004010,5
080410057004011,5
080410057004012,5
080410057004019,5
080410057004020,5
080410057004021,5
080410057004022,5
080410057004023,5
080410058002002,5
080410058002003,5
080410058002004,5
080410058002005,5
080410058002006,5
080410058003002,5
080410058003003,5
080410058003004,5
080410058003005,5
080410058003006,5
080410058003007,5
080410058003008,5
080410058003009,5
080410058003010,5
080410058003011,5
080410058003012,5
080410058003013,5
080410059002011,5
080410059002016,5
080410059002000,4
080410059002001,4
080410059002002,4
080410059002005,4
080410059002006,4
080410059002007,4
080410059002008,4
080410059002009,4
080410059002010,4
080410059002012,4
080410059002013,4
080410059002014,4
080410059002015,4
080410059003000,4
080410059003001,4
080410059003002,4
080410059003003,4
080410059003004,4
080410059003005,4
080410059003006,4
080410059003007,4
080410059003008,4
080410059003009,4
080410059003010,4
080410059003018,4
080410059003019,4
080410059003020,4
080410059003021,4
080410059002003,4
080410059002004,4
080410059004000,4
080410059004001,4
080410059004002,4
080410059004003,4
080410059004004,4
080410059004005,4
080410059004006,4
080410059004007,4
080410059004008,4
080410059004009,4
080410059004010,4
080410059004011,4
080410059004012,4
080410059004013,4
080410059004014,4
080410059004015,4
080410059004016,4
080410059004017,4
080410059004018,4
080410059004019,4
080410059005000,4
080410059005001,4
080410059005002,4
080410059005003,4
080410059005004,4
080410059005005,4
080410059005006,4
080410059005007,4
080410059005008,4
080410059005009,4
080410059005010,4
080410059005011,4
080410059005012,4
080410059005017,4
080410059005013,4
080410059005014,4
080410059005015,4
080410059005016,4
080410059005018,4
080410059005019,4
080410060003000,4
080410060003001,4
080410060003002,4
080410060003003,4
080410060003004,4
080410060003005,4
080410060003006,4
080410060003007,4
080410060003008,4
080410060003009,4
080410060003010,4
080410060003011,4
080410060003012,4
080410060003013,4
080410060003014,4
080410060003015,4
080410060003016,4
080410060003017,4
080410060003018,4
080410060003019,4
080410060003020,4
080410060004000,4
080410060004001,4
080410060004002,4
080410060004003,4
080410060004004,4
080410060004005,4
080410060004006,4
080410060004007,4
080410060004008,4
080410060004009,4
080410060004010,4
080410060004011,4
080410060004012,4
080410060004013,4
080410060004014,4
080410060004015,4
080410060004016,4
080410060004017,4
080410060004018,4
080410060004019,4
080410060004020,4
080410060002000,4
080410060002001,4
080410060002002,4
080410060002003,4
080410060002004,4
080410060002005,4
080410060002006,4
080410060002007,4
080410060002008,4
080410060002009,4
080410060002010,4
080410060002011,4
080410060002012,4
080410060002014,4
080410060002016,4
080410061002000,4
080410061002001,4
080410061002002,4
080410061002003,4
080410061002004,4
080410061002005,4
080410061002006,4
080410061002007,4
080410061002008,4
080410061002009,4
080410061002010,4
080410061002011,4
080410061002012,4
080410061002013,4
080410061002014,4
080410061002015,4
080410061002016,4
080410061002017,4
080410061002018,4
080410062001000,4
080410062001001,4
080410062001002,4
080410062001003,4
080410062001004,4
080410062001005,4
080410062001006,4
080410062001007,4
080410062001008,4
080410062001009,4
080410062001010,4
080410062001011,4
080410062001012,4
080410062001013,4
080410062001014,4
080410062001015,4
080410062001016,4
080410062002001,4
080410062002002,4
080410062002003,4
080410062002004,4
080410062002005,4
080410062002006,4
080410062002007,4
080410062001017,4
080410062002000,4
080410062002008,4
080410062002009,4
080410062002010,4
080410062002011,4
080410062002012,4
080410062002013,4
080410062002014,4
080410062002015,4
080410062002016,4
080410062002017,4
080410062002018,4
080410062003000,4
080410062003001,4
080410062003002,4
080410062003003,4
080410062003004,4
080410062003005,4
080410062003006,4
080410062003007,4
080410062003008,4
080410062003009,4
080410062003010,4
080410062003011,4
080410062003012,4
080410062003013,4
080410062003014,4
080410062003015,4
080410062003016,4
080410062003017,4
080410062003018,4
080410062003019,4
080410062003020,4
080410062003021,4
080410040082020,4
080410062003022,4
080410063011000,4
080410063011001,4
080410063011002,4
080410063011003,4
080410063011004,4
080410063011005,4
080410063011006,4
080410063011007,4
080410063011008,4
080410063011009,4
080410063011010,4
080410063011011,4
080410063011012,4
080410063011013,4
080410063011014,4
080410063011015,4
080410063011016,4
080410063011017,4
080410063011018,4
080410063011019,4
080410063012000,4
080410063012001,4
080410063012002,4
080410063012003,4
080410063012004,4
080410063012005,4
080410063012006,4
080410063012007,4
080410063012008,4
080410063012009,4
080410063012010,4
080410063012011,4
080410063012012,4
080410063012013,4
080410063012014,4
080410063012015,4
080410063012016,4
080410063012017,4
080410064001012,4
080410064001013,4
080410064001014,4
080410064001015,4
080410064001016,4
080410064001017,4
080410064001018,4
080410064001019,4
080410064001029,4
080410064001030,4
080410064001031,4
080410064001032,4
080410065011000,4
080410065011001,4
080410065011002,4
080410065011003,4
080410065011004,4
080410065011005,4
080410065011006,4
080410065011007,4
080410065011008,4
080410065011009,4
080410065011010,4
080410065011011,4
080410065011012,4
080410065011013,4
080410065011014,4
080410065011015,4
080410065011016,4
080410065011017,4
080410065011018,4
080410065011019,4
080410063013000,4
080410063013001,4
080410063013002,4
080410063013003,4
080410063013004,4
080410063013005,4
080410063013006,4
080410063013007,4
080410063013008,4
080410063013009,4
080410063013010,4
080410063013011,4
080410063013012,4
080410063013013,4
080410063013014,4
080410063013015,4
080410063013016,4
080410063013017,4
080410063013018,4
080410063013019,4
080410063013020,4
080410063021000,4
080410063021001,4
080410063021002,4
080410063021003,4
080410063021004,4
080410063021005,4
080410063021006,4
080410063021007,4
080410063021008,4
080410063021009,4
080410063021010,4
080410063021011,4
080410063021012,4
080410063021013,4
080410063022000,4
080410063022001,4
080410063022002,4
080410063022003,4
080410063022004,4
080410063022005,4
080410063022006,4
080410063022007,4
080410063022008,4
080410063022009,4
080410064001000,4
080410064001001,4
080410064001002,4
080410064001003,4
080410064001004,4
080410064001005,4
080410064001006,4
080410064001007,4
080410064001008,4
080410064001009,4
080410064001010,4
080410064001011,4
080410063023000,4
080410063023001,4
080410063023002,4
080410063023003,4
080410063023004,4
080410063023005,4
080410063023006,4
080410063023007,4
080410063023008,4
080410063023009,4
080410063023010,4
080410063023011,4
080410063023012,4
080410063023013,4
080410063023014,4
080410063023015,4
080410064001020,4
080410064001021,4
080410064001022,4
080410064001023,4
080410064001024,4
080410064001025,4
080410064001026,4
080410064001027,4
080410064001028,4
080410064001033,4
080410064001034,4
080410064001035,4
080410064001036,4
080410064001037,4
080410064002000,4
080410064002001,4
080410064002002,4
080410064002003,4
080410064002004,4
080410064002005,4
080410064002006,4
080410064002007,4
080410064002008,4
080410064002009,4
080410064002010,4
080410064002011,4
080410064002012,4
080410064002013,4
080410064002014,4
080410064002015,4
080410064002016,4
080410064002017,4
080410064002018,4
080410064002019,4
080410064003000,4
080410064003001,4
080410064003002,4
080410064003003,4
080410064003004,4
080410064003005,4
080410064003006,4
080410064003007,4
080410064003008,4
080410064003009,4
080410064003010,4
080410064003011,4
080410064003012,4
080410064003013,4
080410065012000,4
080410065012001,4
080410065012002,4
080410065012003,4
080410065012004,4
080410065012005,4
080410065012006,4
080410065012007,4
080410065012008,4
080410065012009,4
080410065012010,4
080410065012011,4
080410065012012,4
080410065012013,4
080410065012014,4
080410065012015,4
080410065012016,4
080410065012017,4
080410065012018,4
080410065012019,4
080410065023016,4
080410065023017,4
080410065023018,4
080410065023019,4
080410065023024,4
080410065023025,4
080410065023028,4
080410065023029,4
080410065024000,4
080410065024001,4
080410065024002,4
080410065024003,4
080410065024004,4
080410065024005,4
080410065024006,4
080410065024007,4
080410065024008,4
080410065024009,4
080410065024010,4
080410065024011,4
080410065024012,4
080410065024013,4
080410065024014,4
080410065024015,4
080410065024019,4
080410065024020,4
080410065024021,4
080410065024022,4
080410065024023,4
080410067011001,3
080410067011020,3
080410067011021,3
080410067011022,3
080410067011023,3
080410067011024,3
080410067011025,3
080410067011026,3
080410067011027,3
080410067011028,3
080410067011030,3
080410067011031,3
080410067011032,3
080410067012003,3
080410067012004,3
080410067012005,3
080410067021000,3
080410067021001,3
080410067021002,3
080410067021003,3
080410067021004,3
080410067021005,3
080410067021006,3
080410067021007,3
080410067021008,3
080410067021009,3
080410067021010,3
080410067021011,3
080410067021012,3
080410067021013,3
080410067021014,3
080410067021015,3
080410067021016,3
080410067021020,3
080410067021021,3
080410067021022,3
080410067021023,3
080410067021024,3
080410067021025,3
080410067021026,3
080410067021027,3
080410067021028,3
080410067021029,3
080410067021030,3
080410067021031,3
080410067021032,3
080410067021035,3
080410067022013,3
080410067022015,3
080410067022016,3
080410067022017,3
080410067022020,3
080410067022021,3
080410067022037,3
080410067022038,3
080410067022041,3
080410068021000,1
080410069021002,1
080410071031006,1
080410071031007,1
080410071031008,1
080410071031009,1
080410071031010,1
080410071031011,1
080410071033000,1
080410071033001,1
080410071033002,1
080410071033003,1
080410071033004,1
080410071033005,1
080410071033006,1
080410071033007,1
080410071033008,1
080410071033009,1
080410071033010,1
080410071033011,1
080410071033012,1
080410071033013,1
080410071033014,1
080410071033015,1
080410071033016,1
080410071033018,1
080410071033019,1
080410071033020,1
080410071033021,1
080410071033022,1
080410071033023,1
080410068021002,1
080410068021003,1
080410068021004,1
080410068021005,1
080410068021006,1
080410068021007,1
080410068021008,1
080410068021009,1
080410068021010,1
080410068021011,1
080410068021012,1
080410068021013,1
080410068021014,1
080410068021015,1
080410068021016,1
080410068021019,1
080410068021020,1
080410068021021,1
080410068021022,1
080410068021023,1
080410068021024,1
080410068021026,1
080410068021027,1
080410068021028,1
080410068021029,1
080410068021030,1
080410068021031,1
080410068021032,1
080410068021025,1
080410069021001,1
080410069021003,1
080410069021004,1
080410069021005,1
080410069021006,1
080410069021007,1
080410069021008,1
080410069021009,1
080410069021010,1
080410069021011,1
080410069021012,1
080410069021013,1
080410069021014,1
080410069021015,1
080410069021016,1
080410069021020,1
080410069021021,1
080410069021022,1
080410069021023,1
080410069011000,1
080410069011001,1
080410069011002,1
080410069011003,1
080410069011004,1
080410069011005,1
080410069011018,1
080410069011019,1
080410069011020,1
080410069011021,1
080410069011022,1
080410069011023,1
080410069011024,1
080410069011026,1
080410069012013,1
080410069012014,1
080410069012015,1
080410069012016,1
080410071032016,1
080410069011006,1
080410069011012,1
080410069011013,1
080410069011014,1
080410069011015,1
080410069011016,1
080410069011017,1
080410069011025,1
080410069012009,1
080410069012010,1
080410069012011,1
080410069012012,1
080410069012018,1
080410069012019,1
080410069012020,1
080410069012021,1
080410069012022,1
080410069012024,1
080410069012025,1
080410069021000,1
080410071031000,1
080410071031001,1
080410071031002,1
080410071031003,1
080410071031004,1
080410071031005,1
080410071032000,1
080410071032001,1
080410071032002,1
080410071032003,1
080410071032004,1
080410071032005,1
080410071032006,1
080410071032007,1
080410071032008,1
080410071032009,1
080410071032010,1
080410071032011,1
080410071032012,1
080410071032013,1
080410071032014,1
080410071032015,1
080410071032017,1
080410071032018,1
080410071032019,1
080410071032020,1
080410071032021,1
080410071032022,1
080410071032023,1
080410071032024,1
080410071032025,1
080410071032026,1
080410071032027,1
080410071032028,1
080410071041023,1
080410071041024,1
080410071041025,1
080410071041027,1
080410071051013,1
080410071051014,1
080410071061023,1
080410071061024,1
080410070001000,1
080410070001001,1
080410070001002,1
080410070001003,1
080410071041000,1
080410071041001,1
080410071042000,1
080410071042001,1
080410071042002,1
080410071042003,1
080410071042004,1
080410071042005,1
080410071042006,1
080410071042007,1
080410071042008,1
080410071042009,1
080410071042010,1
080410071042011,1
080410071042012,1
080410071042013,1
080410071042014,1
080410071042020,1
080410071042021,1
080410071051012,1
080410071051000,1
080410071061009,1
080410071051001,1
080410071051003,1
080410071051006,1
080410071051015,1
080410071051016,1
080410071051017,1
080410071051018,1
080410071051019,1
080410071051020,1
080410071061007,1
080410071061008,1
080410071061015,1
080410071051002,1
080410071051004,1
080410071051005,1
080410071051007,1
080410071051008,1
080410071051009,1
080410071051010,1
080410071051011,1
080410075022014,1
080410075026001,1
080410075026002,1
080410075026008,1
080410075026009,1
080410075026010,1
080410075026011,1
080410075026012,1
080410075026013,1
080410075026014,1
080410075026015,1
080410071052000,1
080410071052001,1
080410071052002,1
080410071052003,1
080410071052004,1
080410071052005,1
080410071052006,1
080410071052007,1
080410071052008,1
080410071052009,1
080410071052010,1
080410071052011,1
080410071052012,1
080410071052013,1
080410071052014,1
080410071052015,1
080410071052016,1
080410071052017,1
080410071052018,1
080410071052023,1
080410071053001,1
080410071053002,1
080410071053030,1
080410071061021,1
080410071062046,1
080410076041033,1
080410076041034,1
080410076041035,1
080410076041036,1
080410076041037,1
080410076041039,1
080410071052019,1
080410071052020,1
080410071052021,1
080410071052022,1
080410071052024,1
080410071053003,1
080410071053004,1
080410071053005,1
080410071053006,1
080410071053007,1
080410071053008,1
080410071053009,1
080410071053010,1
080410071053011,1
080410071053012,1
080410071053013,1
080410071053014,1
080410071053015,1
080410071053016,1
080410071053017,1
080410071053018,1
080410071053019,1
080410071053020,1
080410071053021,1
080410071053022,1
080410071053023,1
080410071053024,1
080410071053025,1
080410071053026,1
080410071053027,1
080410071053028,1
080410071053032,1
080410071053033,1
080410076041038,1
080410076041040,1
080410076041041,1
080410076041042,1
080410076041043,1
080410076041044,1
080410076041045,1
080410076041046,1
080410076041047,1
080410076041048,1
080410076041049,1
080410076041050,1
080410076041051,1
080410076041052,1
080410076041053,1
080410071053000,1
080410071061018,1
080410071061019,1
080410071061020,1
080410071061025,1
080410071061026,1
080410071061027,1
080410071062000,1
080410071062001,1
080410071062002,1
080410071062003,1
080410071062004,1
080410071062005,1
080410071062006,1
080410071062007,1
080410071062008,1
080410071062009,1
080410071062010,1
080410071062011,1
080410071062012,1
080410071062013,1
080410071062014,1
080410071062015,1
080410071062016,1
080410071062017,1
080410071062018,1
080410071062019,1
080410071062025,1
080410071062026,1
080410071062027,1
080410071062028,1
080410071062029,1
080410071062030,1
080410071062031,1
080410071062032,1
080410071062033,1
080410071062034,1
080410071062035,1
080410071062037,1
080410071062038,1
080410071062039,1
080410071062040,1
080410071062041,1
080410071062042,1
080410071062043,1
080410071062044,1
080410071062045,1
080410071062047,1
080410071061000,1
080410071061001,1
080410071061002,1
080410071061003,1
080410071061004,1
080410071061005,1
080410071061006,1
080410071061010,1
080410071061011,1
080410071061012,1
080410071061013,1
080410071061014,1
080410071061016,1
080410071061017,1
080410071061022,1
080410071061028,1
080410071062020,1
080410071062021,1
080410071062022,1
080410071062023,1
080410071062024,1
080410071062036,1
080410072031000,1
080410072031001,1
080410072031002,1
080410072031003,1
080410072031004,1
080410072031006,1
080410072031020,1
080410072032021,1
080410072032024,1
080410072032025,1
080410072041024,1
080410072041025,1
080410072041026,1
080410072042008,1
080410072042009,1
080410072042010,1
080410072042011,1
080410072042012,1
080410072042032,1
080410072032000,1
080410072032016,1
080410072032017,1
080410072032018,1
080410072032019,1
080410072032020,1
080410072032022,1
080410072032023,1
080410072032026,1
080410072041005,1
080410072041006,1
080410072041007,1
080410072041008,1
080410072041009,1
080410072041010,1
080410072041011,1
080410072041012,1
080410072041013,1
080410072041014,1
080410072041020,1
080410072041021,1
080410072041022,1
080410072041000,1
080410072041001,1
080410072041002,1
080410072041003,1
080410072041004,1
080410072041015,1
080410072041016,1
080410072041017,1
080410072041018,1
080410072041019,1
080410072041023,1
080410072041027,1
080410072041028,1
080410072041029,1
080410072041030,1
080410072041031,1
080410072042000,1
080410072042001,1
080410072042002,1
080410072042003,1
080410072042004,1
080410072042005,1
080410072042006,1
080410072042007,1
080410072042027,1
080410072042031,1
080410072061001,1
080410073011012,1
080410073022014,1
080410073022015,1
080410073022016,1
080410073022017,1
080410073022018,1
080410073022019,1
080410073022020,1
080410073022021,1
080410072051021,1
080410072051022,1
080410072051023,1
080410072062002,1
080410072062004,1
080410072062006,1
080410072062008,1
080410072062013,1
080410072062016,1
080410072062020,1
080410072062021,1
080410072062022,1
080410072062023,1
080410072062024,1
080410072062025,1
080410072062028,1
080410072062029,1
080410072062030,1
080410072062031,1
080410072062032,1
080410072062033,1
080410072062034,1
080410072062035,1
080410072062036,1
080410072062037,1
080410072062038,1
080410072062039,1
080410072062040,1
080410072062041,1
080410072062042,1
080410072062043,1
080410072062044,1
080410072052022,1
080410072061043,1
080410072062001,1
080410072062003,1
080410072062005,1
080410072062007,1
080410072062009,1
080410072062010,1
080410072062011,1
080410072062012,1
080410072062018,1
080410072062019,1
080410072062026,1
080410072062027,1
080410072061002,1
080410072061003,1
080410072061004,1
080410072061006,1
080410072061007,1
080410072061008,1
080410072061009,1
080410072061010,1
080410072061011,1
080410072061013,1
080410072061014,1
080410072061015,1
080410072061017,1
080410072061018,1
080410072061019,1
080410072061020,1
080410072061022,1
080410072061040,1
080410072061042,1
080410072061000,1
080410072061021,1
080410072062000,1
080410075011000,1
080410075011001,1
080410075011003,1
080410075011004,1
080410075011005,1
080410075022000,1
080410075022001,1
080410075022002,1
080410075022003,1
080410075022004,1
080410075022005,1
080410075022006,1
080410075022007,1
080410075022008,1
080410075022009,1
080410075022010,1
080410075022011,1
080410075022012,1
080410075022013,1
080410075023009,1
080410075023010,1
080410075023011,1
080410075023013,1
080410075023014,1
080410073011000,1
080410073011002,1
080410073022000,1
080410073022001,1
080410073022002,1
080410073022003,1
080410073022004,1
080410073022005,1
080410073022006,1
080410073022007,1
080410073022008,1
080410073022009,1
080410073022010,1
080410073022011,1
080410073022012,1
080410073022013,1
080410073023000,1
080410073023001,1
080410073023002,1
080410073023003,1
080410073011001,1
080410073011003,1
080410073011004,1
080410073011005,1
080410073011006,1
080410073011007,1
080410073011008,1
080410073011009,1
080410073011010,1
080410073011011,1
080410073011013,1
080410073011014,1
080410073013017,1
080410073013020,1
080410073013021,1
080410073013022,1
080410073013032,1
080410073012000,1
080410073012001,1
080410073012004,1
080410073012005,1
080410073012006,1
080410073012007,1
080410073012008,1
080410073012009,1
080410073012010,1
080410073012011,1
080410073012012,1
080410073012013,1
080410073012014,1
080410073012015,1
080410073012016,1
080410073012017,1
080410073012018,1
080410073012019,1
080410073012020,1
080410073012021,1
080410073012022,1
080410073012023,1
080410073013000,1
080410073013001,1
080410073013002,1
080410073013003,1
080410073013004,1
080410073013018,1
080410073013019,1
080410073013036,1
080410073013005,1
080410073013006,1
080410073013007,1
080410073013008,1
080410073013009,1
080410073013010,1
080410073013011,1
080410073013012,1
080410073013013,1
080410073013014,1
080410073013015,1
080410073013016,1
080410073013023,1
080410073013024,1
080410073013025,1
080410073013026,1
080410073013027,1
080410073013028,1
080410073013029,1
080410073013030,1
080410073013031,1
080410073013033,1
080410073013034,1
080410073013035,1
080410073021000,1
080410073021001,1
080410073021002,1
080410073021003,1
080410073021004,1
080410073021008,1
080410073021009,1
080410073021011,1
080410073021013,1
080410073021014,1
080410073021015,1
080410073021038,1
080410073021039,1
080410073021040,1
080410073021041,1
080410073023004,1
080410073023005,1
080410073023006,1
080410073023007,1
080410073023008,1
080410073023009,1
080410073023010,1
080410074011011,1
080410073021005,1
080410073021006,1
080410073021007,1
080410073021010,1
080410073021012,1
080410073021016,1
080410073021017,1
080410073021018,1
080410073021019,1
080410073021020,1
080410073021021,1
080410073021022,1
080410073021023,1
080410073021024,1
080410073021025,1
080410073021026,1
080410073021027,1
080410073021028,1
080410073021029,1
080410073021030,1
080410073021031,1
080410073021032,1
080410073021033,1
080410073021034,1
080410073021035,1
080410073021036,1
080410073021037,1
080410073021042,1
080410073021044,1
080410073021045,1
080410074011001,1
080410074011002,1
080410074011009,1
080410074011010,1
080410074021011,1
080410074021012,1
080410074021013,1
080410074021014,1
080410074021015,1
080410074021016,1
080410074021017,1
080410074021018,1
080410074021019,1
080410074021020,1
080410074021021,1
080410074021022,1
080410074021023,1
080410074021024,1
080410074021025,1
080410074021026,1
080410074021027,1
080410074021028,1
080410074021029,1
080410074021030,1
080410074021031,1
080410074021032,1
080410074021033,1
080410074012000,1
080410074012001,1
080410074012003,1
080410074012004,1
080410074012005,1
080410074012006,1
080410074012024,1
080410074013000,1
080410074013001,1
080410074013002,1
080410074013003,1
080410074013004,1
080410074013005,1
080410074013006,1
080410074013007,1
080410074013008,1
080410074013009,1
080410074013010,1
080410074013011,1
080410074013012,1
080410074013013,1
080410074013014,1
080410074013015,1
080410074013016,1
080410074013017,1
080410074013018,1
080410074013019,1
080410074013020,1
080410074013021,1
080410074013022,1
080410074021000,1
080410074021001,1
080410074021002,1
080410074021003,1
080410074021004,1
080410074021005,1
080410074021006,1
080410074021007,1
080410074021008,1
080410074021009,1
080410074021010,1
080410075024000,1
080410075024001,1
080410075024002,1
080410075024003,1
080410075024004,1
080410075024005,1
080410075024006,1
080410075024007,1
080410075024008,1
080410075024009,1
080410075024010,1
080410075024012,1
080410075024013,1
080410075024031,1
080410075024032,1
080410075024033,1
080410075011002,1
080410075011006,1
080410075011007,1
080410075011008,1
080410075011009,1
080410075011010,1
080410075011011,1
080410075026000,1
080410075026003,1
080410075026004,1
080410075026005,1
080410075026006,1
080410075026007,1
080410075026016,1
080410075021006,1
080410075021007,1
080410075021008,1
080410075021009,1
080410075021010,1
080410075021011,1
080410075021012,1
080410075021013,1
080410075021014,1
080410075021015,1
080410075021016,1
080410075021017,1
080410075021018,1
080410075021022,1
080410075021023,1
080410075021024,1
080410075021025,1
080410075021026,1
080410075021027,1
080410075021028,1
080410075021029,1
080410075021030,1
080410075021032,1
080410075021033,1
080410075021034,1
080410075021038,1
080410075021039,1
080410075021040,1
080410076021002,1
080410076021004,1
080410076021005,1
080410076021006,1
080410076021007,1
080410076022000,1
080410076022001,1
080410076022002,1
080410076022003,1
080410076022004,1
080410076022005,1
080410076022006,1
080410076022007,1
080410076022013,1
080410076022014,1
080410076022015,1
080410076022016,1
080410076022017,1
080410076022020,1
080410075023000,1
080410075023001,1
080410075023002,1
080410075023003,1
080410075023004,1
080410075023005,1
080410075023006,1
080410075023007,1
080410075023008,1
080410075023012,1
080410075024011,1
080410075024014,1
080410075024015,1
080410075024016,1
080410075024017,1
080410075024018,1
080410075024019,1
080410075024020,1
080410075024021,1
080410075024022,1
080410075024023,1
080410075024024,1
080410075024025,1
080410075024026,1
080410075024027,1
080410075024028,1
080410075024029,1
080410075024030,1
080410076021008,1
080410076021009,1
080410076021010,1
080410076021011,1
080410076021012,1
080410076021013,1
080410076021015,1
080410076021016,1
080410076021028,1
080410076022008,1
080410076022009,1
080410076022010,1
080410076022011,1
080410076022012,1
080410076022018,1
080410076022019,1
080410076022021,1
080410076022022,1
080410076022023,1
080410076022024,1
080410076022025,1
080410076022026,1
080410076023000,1
080410076023001,1
080410076023002,1
080410076023003,1
080410076023004,1
080410076023005,1
080410076023006,1
080410076023007,1
080410076023008,1
080410076023009,1
080410076023010,1
080410076023011,1
080410076023012,1
080410076023013,1
080410076023014,1
080410076023015,1
080410076023016,1
080410076023017,1
080410076023018,1
080410076023019,1
080410076023020,1
080410076023021,1
080410076023022,1
080410076023023,1
080410076023024,1
080410076023025,1
080410076023026,1
080410076023027,1
080410076023028,1
080410076023029,1
080410076023030,1
080410076023035,1
080410076023036,1
080410076023037,1
080410076023038,1
080410076023041,1
080410076023031,1
080410076023032,1
080410076023033,1
080410076023034,1
080410076023039,1
080410076023040,1
080410076033013,1
080410076033014,1
080410076033015,1
080410076033016,1
080410076033017,1
080410076033018,1
080410076041000,1
080410076041001,1
080410076041002,1
080410076041003,1
080410076041004,1
080410076041005,1
080410076041006,1
080410076041007,1
080410076041008,1
080410076041009,1
080410076041010,1
080410076041011,1
080410076041012,1
080410076041013,1
080410076041014,1
080410076041015,1
080410076041016,1
080410076041017,1
080410076041018,1
080410076041019,1
080410076041020,1
080410076041021,1
080410076041022,1
080410076041023,1
080410076041024,1
080410076041025,1
080410076041026,1
080410076041027,1
080410076041028,1
080410076041029,1
080410076041030,1
080410076041031,1
080410076041032,1
080410076031000,2
080410076031001,2
080410076031002,2
080410076031003,2
080410076031004,2
080410076031005,2
080410076031014,2
080410076031015,2
080410076031016,2
080410076032000,2
080410076032001,2
080410076032002,2
080410076032003,2
080410076032004,2
080410076032005,2
080410076032006,2
080410076032007,2
080410076032008,2
080410076032009,2
080410076032010,2
080410076032011,2
080410076032012,2
080410076032013,2
080410076032014,2
080410076032015,2
080410076032016,2
080410076032017,2
080410076033000,2
080410076033001,2
080410076033002,2
080410076033003,2
080410076033004,2
080410076033005,2
080410076033007,2
080410076033008,2
080410076033009,2
080410076033010,2
080410076033011,2
080410076033012,2
080410076033019,2
080410076033020,2
080410076033021,2
080410076033022,2
080410076033023,2
080410076033024,2
080410076033025,2
080410076033041,2
080410076033042,2
080410076033043,2
080410076031006,2
080410076031007,2
080410076031008,2
080410076031009,2
080410076031010,2
080410076031011,2
080410076031012,2
080410076031013,2
080410076031017,2
080410076031018,2
080410076031019,2
080410076031020,2
080410076031021,2
080410076031022,2
080410076031023,2
080410076031024,2
080410076031025,2
080410076031026,2
080410076031027,2
080410076031028,2
080410076031029,2
080410076031030,2
080410076031031,2
080410076031032,2
080410076031033,2
080410076031034,2
080410076031035,2
080410076031036,2
080410076031037,2
080410076031038,2
080410076031039,2
080410076031040,2
080410076031041,2
080410076031042,2
080410076033006,2
080410077001000,5
080410077001001,5
080410077001002,5
080410077001003,5
080410077001004,5
080410077001005,5
080410077001006,5
080410077001007,5
080410077001008,5
080410077001009,5
080410077001010,5
080410077001011,5
080410077001012,5
080410077001013,5
080410077001014,5
080410077001015,5
080410077001016,5
080410077004003,5
080410077004017,5
080410077002021,5
080410077004013,5
080410077004015,5
080410077004016,5
080410077003013,5
080410077004000,5
080410077004001,5
080410077004002,5
080410077004004,5
080410077004005,5
080410077004006,5
080410077004007,5
080410077004008,5
080410077004009,5
080410077004010,5
080410077004011,5
080410077004018,5
080410079001002,3
080410079001003,3
080410079001004,3
080410079001005,3
080410079001006,3
080410079001007,3
080410079001008,3
080410079001009,3
080410079001010,3
080410079001011,3
080410079001012,3
080410079001013,3
080410079002000,3
080410079002001,3
080410079002002,3
080410079002003,3
080410079002004,3
080410079002005,3
080410079002006,3
080410079002007,3
080410079002008,3
080410079002009,3
080410079002010,3
080410079002011,3
080410079002012,3
080410079002013,3
080410079002014,3
080410079002015,3
080410079002016,3
080410079002017,3
080410079002018,3
080410079002019,3
080410079002020,3
080410079002021,3
080410079002022,3
080410079002023,3
080410079002024,3
080410079002025,3
080410080001001,3
080410080001002,3
080410080001003,3
080410080001004,3
080410080001005,3
080410080001006,3
080410080001007,3
080410080001008,3
080410080001009,3
080410080001010,3
080410080001011,3
080410080001012,3
080410080001013,3
080410080001014,3
080410080001015,3
080410080003000,3
080410080003001,3
080410080003002,3
080410080003003,3
080410080003004,3
080410080003005,3
080410080003006,3
080410080003007,3
080410080003008,3
080410080003009,3
080410080003010,3
080410080003011,3
080410080003012,3
080410080003013,3
080410080003014,3
080410080003015,3
080410080003016,3
080410080003017,3
080410039052023,5
080410039052024,5
080410039052025,5
080410039052027,5
080410039052028,5
080410039052030,5
080410039052031,5
080410039052032,5
080410039052033,5
080410039052034,5
080410039052035,5
080410047011000,5
080410047011001,5
080410047011002,5
080410047011003,5
080410047011004,5
080410047011005,5
080410047011006,5
080410047011007,5
080410047011008,5
080410047011009,5
080410047011010,5
080410047011016,5
080410047022011,5
080410047034000,5
080410047034001,5
080410047034002,5
080410047034003,5
080410047034004,5
080410047034005,5
080410047034006,5
080410047034007,5
080410047034008,5
080410047034009,5
080410047034010,5
080410047034011,5
080410047034012,5
080410047034013,5
080410047034014,5
080410047034015,5
080410047035002,5
080410047035003,5
080410047035004,5
080410047035005,5
080410047035006,5
080410047035007,5
080410047035012,5
080410047035013,5
080410047035014,5
080410047035015,5
080410047035021,5
080410047035022,5
080410047035023,5
080410047035024,5
080410047035025,5
080410047035026,5
080410047035027,5
080410047035028,5
080410047035029,5
080410047035030,5
080410074011000,1
080410074011003,1
080410074011004,1
080410074011005,1
080410074011006,1
080410074011007,1
080410074011008,1
080410074011012,1
080410074011013,1
080410074011014,1
080410074011015,1
080410074011016,1
080410074011017,1
080410074011019,1
080410074011020,1
080410074011021,1
080410074011022,1
080410074011023,1
080410074012020,1
080410074012021,1
080410074012022,1
080410074012023,1
080410051141000,2
080410051141001,2
080410051141002,2
080410051141003,2
080410051141017,2
080410051141018,2
080410051141019,2
080410051141020,2
080410051141022,2
080410051151000,2
080410051151001,2
080410051151002,2
080410051151003,2
080410051151004,2
080410051151005,2
080410051151007,2
080410051151008,2
080410051151009,2
080410051151010,2
080410051151011,2
080410051151012,2
080410051151013,2
080410051151014,2
080410051151015,2
080410051151016,2
080410051151017,2
080410051151018,2
080410051151019,2
080410051151021,2
080410051151022,2
080410051151023,2
080410051151024,2
080410051151025,2
080410051151026,2
080410051151027,2
080410051151028,2
080410051151032,2
080410051151033,2
080410051151034,2
080410051153012,2
080410051232025,2
080410051232026,2
080410051232028,2
080410051232036,2
080410051232037,2
080410051232038,2
080410051232042,2
080410051232043,2
080410051232045,2
080410051232046,2
080410051232047,2
080410051232048,2
080410051232049,2
080410051232050,2
080410051232051,2
080410051232052,2
080410059001016,4
080410059003011,4
080410059003012,4
080410059003013,4
080410059003014,4
080410059003015,4
080410059003016,4
080410059003017,4
080410059003022,4
080410059003023,4
080410060001000,4
080410060001001,4
080410060001002,4
080410060001003,4
080410060001004,4
080410060001005,4
080410060001006,4
080410060001007,4
080410060001008,4
080410060001009,4
080410060001010,4
080410060001011,4
080410060001012,4
080410060001013,4
080410060001014,4
080410060001015,4
080410003012000,3
080410003012001,3
080410003012002,3
080410003012003,3
080410003012004,3
080410003012005,3
080410003012006,3
080410003012007,3
080410003012008,3
080410003012009,3
080410003012010,3
080410003012011,3
080410003012012,3
080410003012013,3
080410003012014,3
080410003012015,3
080410003012016,3
080410003012017,3
080410003012018,3
080410003012019,3
080410003012020,3
080410003012021,3
080410003012022,3
080410003012023,3
080410003013002,3
080410003013003,3
080410003013004,3
080410003013005,3
080410003013006,3
080410003013007,3
080410003013008,3
080410003013009,3
080410003013010,3
080410003013011,3
080410003013012,3
080410003013013,3
080410003013014,3
080410003013015,3
080410003013016,3
080410003013017,3
080410003013018,3
080410003013019,3
080410003013020,3
080410003013021,3
080410003013022,3
080410003013023,3
080410003013024,3
080410003013025,3
080410003013026,3
080410003013027,3
080410003013028,3
080410003013029,3
080410003013030,3
080410003013031,3
080410033032018,4
080410033032019,4
080410045011000,4
080410045011001,4
080410045011002,4
080410045011003,4
080410045011004,4
080410045011006,4
080410045011007,4
080410045011008,4
080410045011009,4
080410045011010,4
080410045011012,4
080410045011013,4
080410045011014,4
080410045011015,4
080410045011016,4
080410045011017,4
080410045011018,4
080410045011019,4
080410045011020,4
080410045011021,4
080410045011022,4
080410045011023,4
080410045011024,4
080410045011025,4
080410045011026,4
080410045011027,4
080410045011028,4
080410045011029,4
080410045011030,4
080410045011031,4
080410045011032,4
080410045011033,4
080410045011034,4
080410045011035,4
080410045011036,4
080410045011037,4
080410045011038,4
080410045011039,4
080410045011040,4
080410045011041,4
080410045011042,4
080410045011043,4
080410045011044,4
080410045011045,4
080410045011046,4
080410045011047,4
080410045011048,4
080410045011049,4
080410045012005,4
080410045012006,4
080410045012007,4
080410045012009,4
080410045012016,4
080410045012020,4
080410045012021,4
080410045012022,4
080410045012023,4
080410045012024,4
080410045012025,4
080410045012026,4
080410045012027,4
080410045012028,4
080410045012031,4
080410045012032,4
080410045012033,4
080410045012034,4
080410045012035,4
080410045012036,4
080410045012044,4
080410045012045,4
080410045012046,4
080410045012047,4
080410045012050,4
080410045012051,4
080410045012052,4
080410045012054,4
080410045012055,4
080410022001014,4
080410022001015,4
080410022002000,4
080410022002001,4
080410022002002,4
080410022002003,4
080410022002004,4
080410022002005,4
080410022002006,4
080410022002007,4
080410027002000,4
080410027002001,4
080410027002002,4
080410027002003,4
080410027002004,4
080410027002005,4
080410027002006,4
080410027002007,4
080410027002008,4
080410027002009,4
080410027002010,4
080410027002011,4
080410027002012,4
080410027002013,4
080410027002014,4
080410027002015,4
080410027002016,4
080410027002017,4
080410027002018,4
080410027002019,4
080410027003008,4
080410027003009,4
080410027003010,4
080410027003011,4
080410027003012,4
080410027003013,4
080410027003014,4
080410027003015,4
080410027003016,4
080410027003017,4
080410027003018,4
080410027003019,4
080410027003020,4
080410027003021,4
080410027003022,4
080410027003023,4
080410027003024,4
080410027003025,4
080410027003026,4
080410027003027,4
080410027003028,4
080410027003029,4
080410027003030,4
080410027003031,4
080410027003032,4
080410028012010,4
080410028012018,4
080410028022012,4
080410028022013,4
080410028022014,4
080410028022015,4
080410028022018,4
080410028022019,4
080410028022020,4
080410028022021,4
080410028022022,4
080410028022023,4
080410028022024,4
080410028022025,4
080410028022026,4
080410028022032,4
080410028024000,4
080410028024001,4
080410028024002,4
080410028024003,4
080410028024011,4
080410028024012,4
080410028024013,4
080410029022000,4
080410029022002,4
080410029022003,4
080410029022008,4
080410029022010,4
080410029022011,4
080410029022012,4